0	169
0	320
0	1153
0	347
0	488
0	862
0	979
0	697
0	426
0	424
0	1036
0	221
0	125
0	557
0	259
0	652
0	733
0	151
0	317
0	128
0	99
0	720
0	116
0	752
0	241
0	759
0	433
0	341
0	248
0	120
0	758
0	465
0	1183
0	427
0	847
0	1427
0	123
0	295
0	465
0	77
0	1740
0	433
0	715
0	420
0	272
0	1690
0	108
0	241
0	286
0	301
0	99
0	293
0	219
0	657
0	612
0	851
0	1071
0	416
0	365
1	104
1	630
1	283
1	590
1	67
2	436
2	586
2	247
2	931
2	18
2	216
2	982
2	36
2	371
2	846
2	342
2	670
2	538
2	217
2	18
2	236
2	173
2	583
2	125
2	72
2	237
2	727
2	234
2	216
2	688
2	1498
3	909
3	269
3	952
3	341
3	706
3	688
3	420
3	864
3	697
3	766
3	266
3	182
3	986
3	298
3	254
3	207
3	766
3	73
3	922
3	726
3	58
3	208
3	253
3	3
3	1179
3	340
3	1768
3	430
3	1195
3	226
3	1670
3	228
3	574
3	323
3	1322
3	72
3	735
3	1068
3	1190
3	439
3	424
3	1021
3	338
3	782
3	1265
3	418
3	384
3	190
3	258
3	681
3	271
3	1175
3	612
3	185
3	246
3	457
3	40
3	852
3	1431
3	485
3	518
3	13
3	552
3	428
3	262
3	306
3	727
3	1202
3	476
3	671
3	50
3	63
3	1132
3	625
3	65
3	495
3	84
3	502
3	639
3	209
3	600
3	1277
4	1201
4	238
4	271
4	857
4	379
4	908
4	248
4	854
4	1169
4	343
4	586
4	759
4	97
4	258
4	1387
4	406
4	510
4	21
4	347
4	298
4	326
4	230
4	791
4	384
4	287
4	944
4	246
4	1126
4	392
4	1251
4	37
4	280
4	1459
4	1086
4	313
4	246
4	501
4	44
4	30
5	232
5	416
5	1438
5	1264
5	400
5	975
5	234
5	461
5	1026
5	128
5	97
5	435
5	369
6	105
6	339
6	14
6	564
6	125
6	392
6	152
6	625
6	81
6	430
6	59
7	30
7	852
7	198
7	1475
7	825
7	1037
7	1075
7	24
7	1196
7	652
7	117
7	953
7	95
7	62
7	85
7	92
7	58
7	28
7	38
7	203
7	637
7	430
7	1490
7	328
7	376
7	1652
7	565
7	85
7	416
7	557
7	467
7	27
7	45
7	1279
7	406
7	626
7	406
7	1725
7	1426
7	1096
7	399
7	354
7	7
7	1389
7	579
7	830
7	1139
7	101
7	87
7	593
7	1536
7	592
7	792
7	429
7	1306
7	448
7	174
7	1109
7	267
7	204
7	454
7	847
7	16
7	53
7	28
7	1215
7	188
8	667
8	608
8	1147
8	1344
8	510
8	44
8	754
8	668
8	340
8	89
8	445
8	127
8	99
8	580
8	111
8	395
8	1295
8	228
8	411
8	184
8	309
8	216
8	343
8	1462
8	5
8	58
8	110
8	243
8	236
8	723
8	231
8	230
8	922
8	1226
8	215
8	601
8	704
8	400
8	5
8	581
8	935
8	670
8	435
8	5
8	19
8	795
8	80
8	696
8	404
8	476
8	428
8	395
8	603
8	722
8	356
9	85
9	596
9	30
9	278
9	170
9	1158
9	1354
9	635
9	800
9	14
9	258
9	68
9	488
9	1077
9	1087
9	69
9	120
9	824
9	884
9	426
9	268
9	1300
9	1214
9	591
9	249
9	344
9	408
9	378
9	116
9	3
9	99
9	258
9	397
10	980
10	64
10	986
10	641
10	226
10	1158
10	193
10	232
10	475
10	567
10	346
10	1239
10	662
10	216
10	711
10	246
10	1174
10	697
10	678
10	363
10	127
10	1545
10	736
10	736
10	614
10	6
10	873
10	27
10	72
10	772
10	1302
10	177
10	423
10	488
10	30
10	2
11	1181
11	1235
11	581
11	1130
11	136
11	78
11	38
11	3
11	468
11	837
11	521
11	124
11	303
11	300
11	304
11	1016
11	83
11	744
12	638
12	525
12	1675
12	1092
12	852
12	80
12	251
12	436
12	222
12	1200
12	605
12	125
12	254
12	523
12	391
12	1136
12	687
12	976
12	1238
12	1309
12	788
12	121
12	1735
12	327
12	1330
12	851
12	73
12	227
12	239
12	255
12	445
12	89
12	1633
12	0
12	389
12	18
12	665
12	432
12	564
12	106
12	976
12	199
12	584
12	1248
12	433
12	590
12	206
12	912
12	1152
12	1214
12	1087
12	3
12	995
12	1611
12	909
12	136
12	277
12	236
12	1642
12	1268
12	411
12	95
12	1445
12	1511
12	631
12	221
12	535
12	87
12	405
12	64
12	392
12	263
12	234
12	723
12	1139
12	199
13	1567
13	61
13	1192
13	211
13	678
13	1177
13	235
13	1326
13	460
13	940
13	769
13	83
13	187
13	521
13	557
13	504
13	476
13	520
14	582
14	1742
14	637
14	768
14	470
14	57
14	499
14	713
14	1181
14	476
14	564
14	582
14	758
14	39
14	1553
14	253
14	857
14	232
14	70
14	113
14	588
14	344
14	24
14	234
14	782
14	1566
14	1020
14	75
14	1042
14	232
14	501
14	982
14	470
14	209
14	725
14	817
14	807
14	1241
14	638
14	292
14	85
14	256
14	71
14	185
14	253
14	1121
14	669
14	338
14	1233
14	1755
14	191
14	962
14	1167
14	238
14	693
14	878
14	626
14	702
14	1320
14	474
14	233
14	325
14	992
14	582
14	1665
14	1041
14	1554
14	1017
14	126
14	95
14	188
14	1135
14	688
14	1222
14	1515
14	202
14	61
14	77
14	206
14	313
14	738
14	61
14	972
14	514
14	511
14	71
14	37
14	288
14	990
14	799
14	249
14	31
14	1548
14	1010
14	565
14	510
14	1546
14	71
14	288
14	1195
14	306
14	14
14	1
14	1496
14	209
14	1301
14	155
14	1114
14	259
14	684
14	956
14	351
14	1181
14	586
14	70
14	569
14	517
15	80
15	52
15	1045
15	186
15	1499
15	100
15	138
15	173
15	423
15	1167
15	750
15	73
15	1508
15	717
15	1599
15	590
15	215
15	718
15	323
15	284
15	702
15	644
15	764
15	1228
15	595
15	989
15	74
15	1273
15	196
15	301
15	766
15	984
15	179
15	420
15	642
15	247
15	766
15	1703
15	363
15	304
15	21
15	550
15	373
15	1301
15	44
15	132
15	114
15	1613
15	217
15	245
15	722
15	314
15	158
15	185
15	732
15	968
15	278
15	572
15	1073
15	26
15	641
15	672
15	1075
15	142
15	976
15	14
15	1466
15	329
15	738
15	293
15	415
15	39
15	1197
15	1580
15	1
15	596
15	158
15	575
15	83
15	177
15	1267
15	434
15	1646
15	810
15	770
15	1655
15	737
15	1345
15	625
15	756
15	454
15	1003
15	617
15	576
15	185
15	658
15	735
15	625
15	871
15	364
15	733
15	538
15	577
15	65
15	365
15	246
15	586
15	625
15	428
15	1285
15	850
15	1555
15	462
15	60
15	775
15	723
15	209
15	905
15	41
15	755
15	80
15	1663
15	316
15	237
15	81
15	1442
15	371
15	362
15	193
15	1294
15	554
15	1
15	815
15	60
15	365
15	1120
15	426
16	1609
16	749
16	857
16	72
16	628
16	500
16	121
16	477
16	256
17	569
17	1360
17	224
17	430
17	3
17	62
17	40
17	377
17	83
17	847
17	329
17	566
17	978
17	761
17	90
17	509
17	718
17	293
17	1081
17	646
17	239
17	227
17	312
17	22
17	226
17	381
17	99
17	1377
17	427
17	132
17	268
17	288
17	1394
17	262
17	44
17	193
17	578
17	937
17	590
17	796
17	304
17	190
17	288
17	739
17	806
17	9
17	230
17	596
17	100
17	865
17	296
17	865
17	966
18	423
18	386
18	502
18	1090
18	977
18	90
18	221
18	366
18	475
18	1010
18	720
18	294
18	788
18	756
18	105
18	683
18	1368
18	1328
18	1073
18	1423
18	1538
18	1131
18	756
18	214
18	702
18	189
18	875
18	718
18	395
18	1704
18	691
18	71
18	226
18	326
18	162
18	1224
18	267
18	539
18	275
18	505
18	300
18	185
18	227
18	482
18	215
18	416
18	58
18	1238
18	222
18	426
18	461
18	786
18	1025
18	71
18	476
18	395
18	914
18	524
18	845
18	238
18	959
18	450
18	401
18	433
18	782
18	101
18	443
18	930
18	221
18	372
18	817
18	84
18	720
18	0
18	713
18	504
18	709
18	1204
18	121
18	117
18	1402
18	13
18	529
18	39
18	823
18	393
19	415
19	1043
19	524
19	233
19	767
19	127
19	795
19	498
19	139
19	77
19	243
19	339
19	341
19	320
19	108
19	104
19	91
19	867
19	252
19	656
19	584
19	708
19	311
19	182
19	375
19	1213
19	1382
19	803
19	1022
19	1457
19	3
19	438
19	34
19	574
19	120
19	111
19	804
19	998
19	1045
19	1269
19	745
19	10
19	108
19	101
19	722
19	1495
19	1042
19	1336
19	672
19	304
19	443
19	1693
19	71
19	127
19	61
19	718
19	1373
19	376
19	1502
20	4
20	859
20	81
20	373
20	1046
20	204
20	106
20	95
20	1075
20	242
20	625
20	1205
20	912
20	625
20	95
20	233
20	979
20	110
20	251
20	677
20	108
20	91
20	21
20	410
20	239
20	453
20	1381
20	761
20	345
20	77
20	461
20	552
20	39
20	476
20	65
20	229
20	320
20	158
20	255
20	277
20	225
20	1199
20	41
20	1361
20	700
20	959
20	70
20	504
21	89
21	492
21	734
21	101
21	765
21	600
21	109
21	1384
21	298
21	183
21	1202
21	404
21	774
21	862
21	395
21	99
21	494
21	276
21	416
22	70
22	44
22	1260
22	342
22	719
22	1185
22	383
22	1272
22	612
22	759
22	127
22	3
22	132
22	426
22	469
22	226
22	1235
22	926
22	412
22	490
22	1442
23	412
23	390
23	214
23	1253
23	741
23	190
23	196
23	77
23	55
23	38
23	637
24	15
24	226
24	986
24	71
24	1060
24	1196
24	71
24	158
24	524
25	465
25	91
25	515
26	195
26	83
26	1540
26	525
26	404
26	0
26	1316
26	305
26	458
26	1196
26	626
27	1402
27	523
27	1243
27	754
27	577
27	384
27	204
27	234
27	1339
27	828
27	1089
27	1204
27	394
27	313
27	3
27	496
27	719
27	1270
27	64
27	831
27	196
27	48
27	907
27	108
27	219
27	665
27	1164
27	185
27	1709
27	394
27	234
27	1453
27	1218
27	1132
27	254
28	418
28	442
28	269
28	636
28	91
28	333
28	1085
28	1604
28	100
28	247
28	631
28	1688
28	917
28	304
28	405
28	1746
28	241
28	328
28	685
28	639
28	127
28	1489
28	393
28	358
28	364
28	1715
28	759
28	1698
28	967
28	327
28	630
28	132
28	15
28	1467
28	1396
28	493
28	250
28	894
28	94
28	391
28	4
28	559
28	586
28	381
28	259
28	92
28	490
28	296
28	136
28	1683
28	182
28	670
28	1062
28	812
28	383
28	195
28	191
28	104
28	111
28	199
28	130
28	228
28	162
28	896
28	1
28	66
28	476
28	355
28	947
28	775
28	320
28	11
28	854
28	391
28	1767
28	559
28	68
28	538
28	128
28	67
28	799
28	833
29	21
29	320
29	1099
29	426
29	711
29	294
29	890
29	5
29	1751
29	85
29	85
29	17
29	243
29	169
29	242
29	249
29	6
29	567
29	22
29	721
29	411
29	1153
29	415
29	384
29	64
29	785
29	182
29	758
29	169
29	557
29	127
29	910
29	1372
30	1692
30	475
30	0
30	701
30	377
30	316
30	340
30	1014
30	292
30	1407
30	1582
30	466
30	851
30	67
30	492
30	1101
30	80
30	800
30	385
30	1542
30	466
30	398
30	831
30	321
30	129
30	426
30	398
30	107
30	849
30	17
30	690
30	1496
30	1721
30	661
30	3
30	46
30	1658
30	6
30	280
30	863
30	159
30	664
30	172
30	618
30	669
30	689
30	228
30	1021
30	333
30	835
30	723
30	302
30	65
30	58
30	576
30	860
30	681
30	342
30	959
30	1625
30	844
30	62
30	253
30	232
30	280
30	629
30	488
30	0
30	1404
30	510
30	1749
30	125
30	204
30	435
30	107
30	258
30	133
30	359
30	5
30	424
30	274
30	1134
30	308
30	684
30	107
30	140
30	177
30	411
30	65
30	188
30	199
30	24
30	91
30	30
30	1478
30	946
30	118
30	1472
30	460
30	1379
30	1681
30	373
30	135
30	975
30	46
30	18
30	425
30	1085
30	61
30	891
30	45
30	75
30	430
30	410
30	218
30	600
30	1506
30	889
31	140
31	567
31	73
31	591
31	261
31	1268
31	330
31	22
31	586
31	375
31	225
31	430
31	297
31	1033
31	342
31	1245
31	1067
31	282
31	1380
31	17
31	275
31	165
31	80
31	282
31	207
31	355
31	75
31	852
31	318
31	1113
31	1197
31	1669
31	135
31	1132
31	75
31	756
31	128
31	394
31	545
31	297
31	245
31	320
31	313
31	1617
31	769
31	172
31	918
31	408
31	226
31	190
31	1460
31	281
31	333
31	171
31	499
31	442
31	281
31	432
31	230
31	51
31	369
31	369
31	292
31	62
31	707
31	278
31	1563
31	3
31	31
31	1423
31	617
31	808
31	282
31	90
31	204
31	433
31	1069
31	502
31	713
31	629
31	216
32	1276
32	981
32	240
32	226
32	921
32	226
33	63
33	1057
33	321
33	37
33	263
33	496
33	1143
33	1773
33	722
33	384
33	581
33	432
33	1198
33	52
33	167
33	750
33	102
33	487
33	847
33	83
34	787
34	116
34	1525
34	107
34	420
34	288
34	415
34	17
34	326
34	922
34	38
34	3
34	718
34	725
34	320
34	392
34	988
34	444
34	1024
34	716
34	100
34	196
34	600
34	311
34	420
34	613
34	1316
34	300
34	167
34	222
34	302
34	601
34	384
34	1705
34	141
34	861
34	305
34	1008
34	856
35	441
35	107
35	564
35	1482
35	1493
35	225
35	1195
35	209
35	296
35	795
35	255
35	376
35	170
35	166
35	7
35	534
35	496
35	412
35	1586
35	248
35	1420
35	797
35	1736
35	738
35	708
35	110
35	123
35	718
35	198
35	5
35	8
35	1292
35	235
35	186
35	1605
35	329
35	526
36	388
36	1016
36	103
36	241
36	13
36	272
36	85
36	315
36	40
36	1089
36	391
36	540
36	856
36	121
36	890
36	1418
36	139
36	275
36	453
36	236
36	104
36	512
36	1222
36	464
36	509
36	870
36	134
36	372
36	438
36	552
36	410
36	944
36	190
36	1559
36	965
36	290
36	1286
36	710
36	345
36	128
36	524
36	189
36	529
36	299
36	960
36	158
36	255
36	454
36	1572
36	241
36	1763
36	1420
36	266
36	59
36	256
36	781
36	1236
36	488
36	169
36	990
36	59
36	377
36	948
36	40
36	1342
36	774
36	852
36	1723
36	702
36	41
36	947
36	104
36	231
36	27
36	786
36	733
36	183
36	910
36	524
36	637
36	427
36	1138
36	702
36	210
36	342
36	207
36	599
37	273
37	1363
37	1303
37	89
37	583
37	9
37	420
37	193
37	1686
37	1112
37	1597
37	291
37	1340
37	371
37	1273
37	322
37	312
37	1612
37	729
37	240
37	1304
37	725
37	71
37	95
37	1569
37	884
37	93
37	549
37	1236
37	107
37	1020
37	72
37	1256
37	68
37	4
37	969
37	509
37	1129
37	1188
37	714
37	546
37	14
37	283
37	777
37	380
37	1254
37	202
37	1632
38	430
38	921
38	20
38	417
38	391
38	395
38	265
38	472
38	586
38	781
38	769
38	383
38	389
38	136
39	1197
39	85
39	219
39	983
39	250
39	390
39	799
39	237
39	950
39	242
39	1120
39	702
39	203
39	46
39	602
39	622
39	304
39	247
40	1371
40	619
40	72
40	927
40	10
40	338
40	111
40	600
40	476
40	628
40	1673
40	305
40	453
40	122
40	679
40	596
40	331
40	539
40	20
40	95
40	1373
40	60
40	13
40	557
40	1610
40	879
40	1436
40	169
40	95
40	253
40	190
40	73
40	185
40	509
40	1055
40	9
40	637
40	547
40	577
40	1486
40	305
40	454
40	322
40	186
40	1568
40	819
40	626
40	1195
40	1168
40	2
40	435
40	498
40	15
40	1627
40	5
40	881
40	783
40	77
40	1157
40	553
40	801
40	743
40	58
40	1072
40	110
40	904
40	876
40	233
40	907
40	59
40	186
40	16
40	612
40	1359
40	14
40	169
40	402
40	390
41	533
41	251
41	741
41	1153
41	1341
41	14
41	115
41	90
41	620
41	425
41	881
41	57
41	116
41	539
41	249
41	83
41	75
41	414
41	340
41	1182
41	967
41	437
41	858
41	1422
41	1783
41	1133
41	26
41	980
41	966
41	87
41	10
41	1485
41	534
41	1685
41	375
41	617
41	1038
41	661
41	1161
41	296
41	540
41	251
41	85
41	132
41	178
41	752
41	193
41	675
42	44
42	108
42	975
42	338
42	282
42	1660
42	1166
42	962
42	261
42	148
42	276
42	193
42	1184
42	398
42	280
42	196
42	304
42	380
42	573
42	504
42	36
42	616
42	827
42	415
42	73
42	708
42	199
42	1063
42	539
42	304
42	898
42	275
42	475
42	11
42	888
42	914
42	1016
42	417
42	70
42	704
42	282
42	423
42	233
42	628
42	217
42	1333
42	986
42	417
42	859
42	938
42	584
42	406
42	224
42	890
42	238
42	377
42	985
42	1691
42	778
42	101
43	248
43	186
43	241
43	85
43	140
43	320
43	1002
43	536
43	520
43	1711
43	83
43	366
43	991
43	100
43	305
43	294
43	539
43	276
43	430
43	594
44	1251
44	323
44	581
44	694
44	221
44	952
44	669
44	1631
44	245
44	835
44	697
44	264
44	424
44	3
44	286
44	156
44	17
44	476
44	325
44	1569
44	327
44	777
44	812
44	132
44	699
44	962
44	681
44	28
44	623
44	193
44	959
44	1108
44	385
44	241
44	8
44	708
44	6
44	392
44	636
44	1571
44	1356
44	577
44	282
44	1018
44	80
44	1077
44	1240
44	3
44	417
44	529
44	1280
44	246
44	514
44	999
44	96
44	774
44	550
45	807
45	113
45	1373
45	289
45	15
45	296
45	535
45	765
45	41
45	428
45	993
45	654
45	256
45	38
45	186
45	712
45	709
45	1413
45	277
45	132
45	506
45	395
45	369
45	441
45	196
45	625
45	104
45	1290
45	854
45	1408
45	44
45	702
45	372
46	137
46	252
46	1260
46	1310
46	81
46	761
46	238
46	1547
46	110
46	1202
46	757
46	1310
46	726
46	103
46	416
46	501
46	1291
46	1297
46	46
46	21
46	609
46	733
46	486
46	482
46	248
46	1060
46	251
46	814
46	636
46	1007
46	136
46	1771
46	234
46	167
46	473
46	497
46	1226
46	1619
46	221
46	219
46	814
46	48
46	234
46	697
46	1448
46	1465
46	198
46	193
46	29
46	1571
46	193
46	1195
46	1049
46	373
46	410
46	298
46	31
46	415
46	60
46	1103
46	45
46	764
46	239
46	765
46	209
46	342
46	712
46	1268
46	401
46	733
46	402
46	282
46	369
46	239
46	340
46	1176
46	361
46	172
46	1405
46	162
46	816
46	252
46	219
46	515
46	880
46	75
46	77
46	391
46	188
46	840
46	764
46	176
46	21
46	312
46	619
46	893
46	354
46	1335
46	29
46	578
46	1230
46	118
46	75
46	196
46	48
46	358
46	1501
46	33
46	1331
46	574
46	175
46	383
46	281
46	647
46	577
46	576
46	430
46	525
46	526
46	842
46	1217
46	882
46	525
46	1331
46	1437
46	746
46	795
46	1084
46	1414
46	625
46	77
46	251
46	134
46	1766
46	90
46	340
46	416
46	96
46	783
46	200
46	559
46	80
46	1266
46	766
46	1067
46	1058
46	298
46	238
46	768
46	276
46	382
46	1516
46	1745
46	667
46	253
46	277
46	227
46	186
46	103
46	838
46	242
46	167
46	556
46	403
46	1302
46	998
46	198
46	1503
46	892
46	415
46	858
46	1385
46	261
46	1644
46	690
46	247
46	24
46	1412
46	176
46	137
47	1326
48	185
48	44
48	100
48	392
48	484
48	408
48	1313
48	32
48	712
48	42
48	615
48	488
48	582
48	1259
48	412
48	376
48	576
48	812
48	581
48	444
48	343
48	182
48	759
48	113
48	792
48	132
48	128
48	412
48	15
48	233
48	8
48	574
48	128
48	765
48	1258
48	1769
48	34
48	406
48	750
48	989
48	119
48	294
48	321
48	226
48	733
48	85
49	331
49	181
50	586
50	351
50	741
50	315
50	718
50	436
50	1211
50	875
50	37
50	951
50	498
50	145
50	1345
50	862
50	1151
50	110
50	1444
50	1223
50	518
50	199
50	548
50	330
50	559
50	193
50	233
50	572
50	933
50	1567
50	15
50	110
50	339
50	583
50	420
50	623
50	37
50	278
50	531
50	1728
50	400
50	255
50	394
50	12
50	373
51	126
51	451
51	238
51	404
51	564
51	465
51	142
51	1701
51	372
51	103
51	1639
51	94
51	670
52	71
52	428
52	119
53	104
54	109
55	52
55	226
55	767
55	34
55	602
55	231
55	566
55	1324
55	1105
55	1179
55	338
55	222
55	371
55	223
55	390
55	215
55	782
55	1598
55	1702
55	231
55	697
55	41
55	376
55	63
55	261
55	1205
55	107
55	14
55	379
55	104
55	417
55	563
55	343
55	428
55	354
55	1595
56	141
56	81
57	110
57	322
57	95
58	137
58	246
58	211
58	1081
58	374
58	1152
58	1553
58	123
58	761
58	718
58	66
58	1552
58	218
58	712
58	1289
58	196
58	406
58	405
58	1144
58	251
58	397
58	84
58	258
58	1734
58	215
58	1410
58	214
58	59
58	1338
58	79
58	852
58	190
58	1343
58	7
58	18
58	317
58	29
58	1189
58	199
58	64
58	736
58	551
59	47
59	542
59	773
59	1116
59	1050
59	356
59	70
59	338
59	924
59	1318
59	1075
59	341
59	711
59	1488
59	782
60	408
60	305
60	43
60	223
60	961
60	239
60	188
60	482
60	237
60	243
60	722
60	12
60	245
60	1772
60	94
60	350
60	41
60	22
60	74
60	258
60	225
60	74
60	1534
60	960
60	511
60	357
60	249
60	774
60	560
60	1616
60	81
60	94
60	401
60	281
60	282
60	42
60	1259
60	237
60	48
60	237
60	10
60	368
60	1587
60	527
60	45
60	378
60	127
60	342
60	869
60	732
60	362
60	471
60	44
60	599
60	228
60	106
60	1207
60	30
60	46
60	513
60	226
60	488
60	632
60	100
60	572
60	657
60	1287
60	492
60	122
60	219
60	756
60	1319
60	107
60	326
61	411
61	60
61	510
61	2
61	584
61	31
61	286
61	697
61	1207
61	1724
61	256
61	10
61	248
61	1211
61	113
62	317
62	1524
62	241
62	845
62	588
62	1641
62	333
62	840
62	623
62	305
62	1593
62	14
62	744
62	225
62	186
62	680
62	278
62	12
62	290
62	326
62	697
62	158
62	166
62	280
62	1596
62	111
62	488
62	656
62	533
62	289
62	234
62	956
62	298
62	249
62	94
62	785
62	1284
62	285
62	65
62	17
62	465
62	149
62	380
62	95
62	294
62	469
62	1727
62	757
62	62
62	185
62	645
62	287
62	207
62	349
62	103
62	971
62	70
62	281
62	763
62	609
62	24
62	1776
62	767
62	1197
62	917
62	540
62	835
62	219
62	842
62	304
62	1638
62	582
62	225
62	259
62	110
62	167
62	101
62	166
62	765
62	173
62	455
62	168
62	468
62	173
62	757
62	881
63	258
63	425
63	241
63	221
63	507
63	443
64	758
64	20
64	896
64	1678
64	1346
64	1196
64	1679
64	1313
64	259
64	343
64	633
64	639
64	218
64	913
64	343
64	669
64	861
64	1551
64	998
64	305
64	67
64	465
64	599
64	1491
64	430
64	222
64	933
64	341
64	543
64	1214
64	458
64	254
64	66
64	637
64	1257
64	602
64	368
64	792
64	738
64	535
64	538
64	199
64	1185
64	953
64	1061
64	238
64	202
64	1217
64	715
64	279
64	99
64	2
64	147
64	225
64	1408
64	463
64	1533
64	341
64	341
64	4
64	195
64	507
64	453
64	573
64	280
64	317
64	253
64	253
64	389
64	740
64	185
64	1317
64	1012
64	422
64	69
64	212
64	993
64	91
64	0
64	216
64	838
64	1576
64	1067
64	183
64	253
64	134
64	238
64	926
64	866
64	124
64	193
64	1006
64	639
64	222
64	1026
64	132
64	253
64	920
64	634
64	140
64	189
64	801
64	776
64	1408
64	1211
64	1473
64	466
64	745
64	1614
64	108
64	1134
64	72
64	1758
64	838
64	644
64	580
64	1293
64	330
64	23
64	740
64	100
64	846
64	252
64	837
64	173
64	1256
64	481
64	1263
64	1650
64	474
64	398
64	427
64	667
64	1401
64	287
64	500
64	651
64	1028
64	1506
64	423
64	1507
64	84
64	17
64	1311
64	1337
64	84
64	863
64	183
64	498
64	30
64	259
64	501
64	960
64	928
64	1024
64	710
64	1036
64	389
64	386
64	876
64	1142
65	219
65	742
65	1111
65	852
65	101
65	299
65	548
65	423
65	260
65	300
65	828
65	183
65	128
65	583
65	1265
65	271
65	649
65	1156
65	1374
65	1162
65	61
65	759
65	162
65	1653
65	50
65	24
65	711
65	149
65	405
65	106
65	304
65	1391
65	342
65	81
65	724
65	474
65	950
65	445
65	66
65	87
65	71
65	712
65	838
65	337
65	225
65	121
65	456
65	480
65	1010
65	304
65	1177
65	1321
65	1378
65	252
65	509
65	677
65	1271
65	862
65	317
65	1130
65	21
65	489
65	726
65	180
65	470
65	175
65	106
65	182
65	508
65	274
65	432
65	1532
65	666
65	669
65	702
65	129
65	413
65	98
65	209
65	65
65	1544
65	214
65	480
65	1624
65	519
65	121
65	554
65	251
65	227
65	1145
65	846
65	1450
65	702
65	406
65	93
65	199
65	1075
65	1339
65	1169
65	752
65	1
65	126
65	849
65	661
65	437
65	354
65	655
65	815
65	78
65	578
65	1712
65	703
65	3
65	5
65	118
65	667
65	449
65	1656
65	219
65	227
65	40
65	550
65	230
65	378
66	71
66	3
66	278
66	1128
66	134
66	1182
66	77
66	1107
66	695
66	1219
66	238
66	625
66	1209
66	832
66	1214
66	1589
66	113
66	25
66	48
66	915
66	304
66	566
66	272
66	619
66	1549
66	343
66	1002
66	504
66	67
66	909
66	239
67	1309
67	661
67	432
67	854
67	406
67	282
67	579
67	1242
67	1106
67	1103
67	1628
67	705
67	592
67	115
67	21
67	452
67	264
67	1387
67	82
67	379
67	416
67	82
67	1260
67	724
67	676
67	581
67	635
67	754
67	1618
67	510
67	884
67	851
67	383
67	3
67	506
67	1743
67	838
67	1280
67	2
67	692
67	158
67	216
67	504
67	1544
67	243
67	688
67	169
67	1577
67	1034
67	305
67	868
67	80
67	467
67	379
67	1744
67	17
67	1530
67	1235
67	1615
67	280
67	1534
67	688
67	696
67	557
67	86
67	212
67	1649
67	760
67	557
67	739
67	765
67	1481
67	976
67	632
67	612
67	1032
67	232
67	581
67	130
67	226
67	510
67	946
67	814
67	512
67	89
67	91
67	984
67	3
67	308
67	845
67	1194
67	872
67	19
68	215
68	39
68	1214
68	854
68	563
68	19
68	674
68	229
68	173
68	1035
68	1574
68	122
68	184
68	679
68	36
68	630
68	587
68	433
68	647
68	349
68	66
68	78
68	639
68	366
68	739
68	722
68	702
68	144
68	123
68	1325
68	1147
68	1251
68	740
68	204
68	423
68	1435
68	662
68	432
68	71
68	416
68	475
68	1089
68	425
68	1078
68	724
68	378
68	413
68	601
68	364
68	4
68	206
68	1753
68	397
68	236
68	353
68	582
68	1040
68	284
68	113
68	186
68	1346
68	371
68	756
68	48
68	15
68	1084
68	177
68	87
68	21
68	123
68	1286
68	230
68	1292
68	570
68	422
68	314
68	427
68	1689
68	84
68	302
68	461
68	418
68	1603
68	91
68	337
68	623
68	753
68	1121
69	366
69	731
69	62
69	21
69	226
69	122
69	132
69	378
69	10
69	957
69	84
69	1251
69	1103
69	426
69	1336
69	586
69	342
70	21
70	253
70	433
70	248
70	143
70	845
70	1141
70	756
70	447
70	509
70	693
70	767
70	717
70	197
70	294
70	960
70	363
70	1046
70	1325
70	408
70	456
70	977
70	613
70	376
70	1075
70	496
70	712
70	1233
70	1282
70	1138
70	988
70	176
70	369
70	1235
70	1200
70	1386
70	465
71	118
71	748
71	375
71	373
71	1456
71	888
71	1234
71	237
71	241
71	514
71	67
71	744
71	71
71	1344
71	513
71	1732
71	231
71	1165
71	216
71	857
71	764
71	284
71	192
71	939
71	181
71	743
71	788
71	1546
71	1
71	409
71	725
72	199
72	572
72	664
72	153
72	254
72	586
72	74
72	415
72	242
72	307
72	342
72	11
72	9
72	3
72	903
72	298
72	130
72	130
72	118
72	345
72	172
72	85
73	971
73	1208
73	100
73	132
73	372
73	246
73	2
73	373
73	725
73	245
73	151
73	199
73	27
73	696
73	426
73	246
73	581
73	72
73	28
73	36
73	435
73	1421
73	454
73	228
73	36
73	1573
73	1752
73	243
73	341
73	258
73	829
73	829
73	556
73	468
73	342
73	420
73	135
73	119
73	860
73	31
73	941
73	74
73	705
73	241
73	567
73	14
74	36
74	241
74	814
74	739
74	604
74	714
74	130
74	594
74	337
74	167
74	489
74	646
74	305
74	1419
74	860
74	97
74	936
74	1159
74	1222
74	1455
74	24
74	925
74	346
74	1052
74	54
74	1754
74	73
74	428
74	1243
74	680
74	1128
74	91
74	74
74	159
74	640
74	345
74	39
74	1292
74	491
74	906
74	648
74	417
74	139
74	216
74	631
74	248
74	630
74	481
74	418
74	198
74	771
74	919
74	723
74	722
74	138
74	387
74	20
74	395
74	923
74	382
74	313
74	1358
74	1514
74	1512
74	1623
74	723
74	47
74	788
74	65
74	451
74	229
74	584
74	1353
74	216
74	625
74	21
74	832
74	157
74	422
74	835
74	382
74	775
74	1048
74	281
74	628
74	840
74	776
74	596
74	1364
74	799
74	1066
74	1
75	423
75	723
75	200
75	621
75	782
75	274
75	184
75	726
75	221
76	216
76	234
77	1494
77	430
77	510
77	452
77	427
77	142
77	1672
77	268
77	107
77	532
77	1008
77	20
77	166
77	654
77	758
77	630
77	714
77	321
77	242
77	1770
77	728
77	244
77	39
77	1395
77	398
77	1531
77	188
77	413
77	30
77	1602
77	1361
77	173
77	296
77	90
77	20
77	402
77	1559
77	1222
77	176
77	259
78	9
78	407
78	111
78	200
78	766
78	1432
78	81
78	1378
78	893
78	58
78	305
78	236
78	145
78	373
78	494
79	1095
79	15
79	833
79	737
80	715
80	502
80	368
80	598
80	1122
80	226
80	248
80	452
80	741
80	1252
80	447
80	484
81	1039
81	1622
81	646
81	102
81	620
81	746
81	1747
81	198
81	1288
81	1331
81	734
81	74
81	46
81	2
81	76
81	412
81	301
81	216
81	1461
81	0
81	562
81	854
81	368
82	392
82	243
82	283
82	784
82	216
82	1195
82	1278
82	896
82	81
82	702
82	390
82	1483
82	388
82	11
82	996
82	600
82	1237
82	720
82	31
82	62
82	708
82	975
82	82
82	486
82	46
82	1608
82	371
82	28
82	1100
82	670
82	258
83	262
83	842
83	306
83	426
83	74
83	1550
83	1275
83	909
83	190
83	737
83	1479
83	27
83	1416
83	631
83	709
83	557
83	361
83	1307
83	412
83	553
83	1196
83	818
83	1497
83	542
83	273
83	446
83	632
83	1390
83	946
83	1141
83	543
83	514
83	548
83	254
83	274
83	27
83	768
83	911
83	1000
83	479
83	779
83	768
83	428
83	425
83	452
83	1676
83	94
83	732
83	60
83	1730
83	242
83	461
83	382
83	1044
83	1120
83	871
83	222
83	876
83	1722
83	960
83	521
83	756
83	1170
83	1583
83	390
83	1021
83	533
83	306
83	1051
83	553
83	1012
83	1254
83	6
83	1127
83	1
83	48
83	410
83	340
83	752
83	459
83	368
83	123
83	174
83	548
83	1125
83	382
83	385
83	0
83	422
83	700
83	190
83	74
83	1110
83	393
83	515
83	202
83	802
83	786
83	485
83	901
83	424
83	1447
83	82
83	24
83	817
83	1012
83	172
83	201
83	884
83	150
83	1385
83	335
83	663
83	100
83	8
83	540
83	660
83	1584
83	24
83	129
83	713
83	1383
83	1408
83	565
83	1329
83	267
83	509
83	92
83	1374
83	70
83	935
83	296
83	5
83	1030
83	70
83	787
83	228
83	480
83	1531
83	192
83	793
83	711
83	1528
83	24
83	368
83	420
83	769
83	681
83	1488
83	664
83	1640
83	1332
83	48
83	297
83	111
83	361
83	514
83	19
83	30
83	202
83	259
83	92
83	483
83	382
83	728
83	129
83	553
83	51
83	412
83	272
83	698
83	412
83	428
83	529
83	631
83	1720
83	39
83	802
83	1013
83	762
83	278
83	756
83	1261
83	698
83	228
83	585
84	411
84	186
84	273
84	761
84	1592
84	223
84	471
84	558
84	505
84	37
84	34
84	909
84	259
84	300
84	973
84	232
84	129
84	58
84	659
84	1133
84	599
84	395
84	578
84	24
85	1003
85	430
85	384
85	460
85	275
85	265
85	539
85	1291
85	1520
85	491
85	1533
85	1070
85	304
85	113
85	249
85	357
85	211
85	376
85	498
85	843
85	389
85	785
85	1509
85	272
85	239
85	1397
85	766
85	1354
85	135
85	110
85	0
85	222
85	319
85	281
85	235
85	288
85	1249
85	1114
85	1464
85	333
85	753
85	786
85	41
85	380
85	1370
85	27
85	331
85	541
85	433
85	644
85	593
85	1777
85	56
85	857
85	296
85	1699
85	297
85	219
85	1341
85	838
85	471
85	683
85	971
85	247
85	408
85	211
85	213
86	0
86	38
87	70
87	216
87	859
88	1500
89	1195
89	768
89	173
89	61
89	590
89	289
89	520
89	429
89	1017
89	222
89	1139
89	619
89	573
89	286
89	999
89	375
89	80
89	408
89	1102
89	46
89	110
89	132
89	255
89	211
89	1239
89	413
89	355
89	669
89	30
89	709
89	316
89	278
89	578
89	91
89	384
89	328
89	81
89	107
89	592
89	855
89	89
89	955
89	75
89	275
89	223
89	718
89	1562
89	1538
89	900
89	421
89	260
89	437
90	562
90	442
90	238
90	1147
90	492
90	134
90	227
90	277
90	323
90	600
90	316
90	3
90	524
90	1415
90	214
90	980
90	268
90	276
90	769
90	341
91	853
91	459
91	545
91	46
91	192
91	273
91	198
91	240
91	241
91	128
91	41
91	85
91	156
91	861
91	1433
91	120
91	1
91	75
91	73
91	346
92	217
92	291
92	1229
92	1357
92	1119
92	183
93	186
94	1637
94	31
94	602
94	524
94	602
94	141
94	946
94	480
94	1362
94	504
94	53
94	140
94	436
94	165
94	366
94	222
94	360
94	337
94	292
94	1468
94	463
94	210
94	215
94	185
94	321
94	98
94	1471
94	442
94	639
94	190
94	127
94	209
94	80
94	14
94	498
94	1055
95	984
95	117
95	342
95	274
95	88
95	19
95	68
95	140
95	295
95	470
95	78
95	1185
95	989
95	37
95	412
95	302
95	1477
95	222
95	411
95	1088
95	559
95	247
96	909
96	94
96	226
96	4
96	739
96	202
96	451
96	304
96	1636
96	174
96	20
96	133
97	424
97	1459
97	417
97	397
97	391
97	799
97	428
97	582
97	617
97	581
97	326
97	127
97	275
97	231
97	436
97	325
97	709
97	1434
97	280
97	394
97	354
97	278
97	1054
97	599
97	6
97	850
97	1031
97	227
97	1781
97	923
97	233
97	316
97	242
97	997
97	563
97	463
97	891
97	498
97	411
97	301
97	1152
97	1021
97	18
97	11
97	918
97	7
97	863
97	288
97	789
97	221
97	1027
97	185
97	147
97	321
98	591
98	46
98	507
98	256
98	585
98	582
98	413
99	947
99	1765
99	209
99	417
99	70
99	31
99	1111
99	120
99	1181
99	733
99	34
99	99
99	350
99	167
99	283
99	522
99	223
99	1178
99	1232
99	65
99	377
99	252
99	857
99	378
99	1195
99	739
99	233
99	75
99	347
99	76
99	1221
99	1517
99	1687
99	45
99	828
99	65
99	82
99	805
99	517
99	558
99	905
99	794
99	511
99	826
99	445
100	837
100	190
100	290
100	1011
100	293
100	264
100	1759
100	394
100	126
100	100
100	864
100	565
100	848
100	307
100	504
100	19
100	278
100	842
100	236
100	1480
100	630
100	323
100	763
100	1643
100	806
100	465
100	247
100	230
100	637
100	36
100	541
100	259
100	275
100	196
100	76
100	253
100	24
100	767
100	125
100	97
100	288
100	190
100	592
101	348
101	452
101	275
101	104
101	389
101	653
101	5
101	347
101	118
101	715
101	454
101	1155
101	715
101	1717
101	10
101	850
101	744
101	697
101	111
101	4
101	268
101	578
101	219
101	963
101	300
101	1410
101	15
101	131
101	11
101	993
101	951
101	1523
101	1231
101	243
101	702
101	239
101	60
101	67
101	1560
101	446
101	167
101	249
101	1684
101	1443
101	382
101	342
101	1403
101	34
101	273
101	167
101	41
101	118
101	228
101	1035
101	242
101	809
101	962
101	160
101	179
101	18
101	650
101	564
101	378
101	116
101	600
101	31
101	1578
101	629
101	737
101	763
101	217
101	264
101	246
101	86
101	774
101	1575
101	113
101	723
101	1009
101	976
101	184
101	263
101	597
101	236
101	528
101	207
101	426
101	271
101	835
101	451
101	46
101	195
102	717
102	46
102	253
102	251
102	617
103	183
103	722
103	756
103	1579
103	116
103	48
103	461
103	98
103	710
103	1774
103	195
103	381
103	276
103	11
103	200
103	545
103	797
103	948
103	1020
103	1444
103	5
103	1351
103	604
103	765
103	415
103	69
103	524
103	173
103	1710
103	376
103	238
103	516
103	1697
103	242
103	296
103	613
103	470
103	413
103	1079
103	734
103	320
103	540
103	852
103	61
103	390
103	383
103	612
103	702
103	85
103	89
103	1114
103	414
103	1645
103	135
103	830
103	198
103	849
103	591
103	465
103	36
103	225
103	268
103	1667
103	1147
103	230
103	228
103	422
103	242
103	1603
103	1220
103	230
103	369
103	686
103	1417
103	1172
103	326
103	1247
103	44
103	112
103	82
103	323
103	1240
103	390
103	406
103	312
103	71
103	366
103	697
104	183
104	67
104	567
104	419
104	848
104	120
104	209
104	29
104	81
104	634
104	127
104	496
104	1739
104	259
104	1733
104	246
104	379
104	202
104	717
104	854
104	986
104	325
104	736
104	661
104	411
104	34
104	497
104	105
104	37
104	374
104	853
104	91
104	37
104	27
104	1005
104	82
104	183
104	115
104	205
104	104
104	800
104	237
104	736
104	720
104	62
104	670
104	451
104	259
104	595
104	926
104	851
104	327
104	507
104	1515
104	488
104	409
104	10
104	165
104	422
104	264
104	194
104	963
104	470
104	1365
104	790
104	272
105	82
105	1373
105	591
105	119
105	800
105	86
105	898
105	778
105	1696
105	132
105	220
105	157
105	733
105	15
105	110
105	1184
105	1526
105	1757
105	1104
105	540
105	599
105	838
105	367
105	327
105	711
105	110
105	221
105	291
105	1621
105	115
105	637
105	724
105	1101
105	1706
105	243
105	453
105	841
105	1349
105	42
105	83
105	1054
105	175
105	225
105	813
105	300
105	406
105	852
105	199
105	40
105	151
105	268
105	929
105	363
105	108
105	366
105	78
105	87
105	164
105	78
105	73
105	529
105	1666
105	304
105	759
105	799
105	227
105	512
105	523
105	121
105	108
105	162
105	199
105	255
105	732
105	1124
105	1001
105	529
105	324
105	336
105	209
105	183
105	423
105	681
105	371
105	225
105	1053
105	362
105	626
105	411
105	185
105	202
105	769
105	546
105	190
105	369
105	798
105	520
105	412
105	562
105	1738
105	16
105	1543
105	699
105	7
105	522
105	865
105	861
105	151
105	717
105	679
105	456
105	426
105	118
105	676
105	749
105	1262
105	306
105	854
105	409
105	129
105	1274
105	501
105	48
105	278
105	223
105	854
105	225
105	200
105	1029
105	581
105	1134
105	409
105	724
105	840
105	714
105	938
105	209
105	1193
105	1695
105	230
105	544
105	412
105	34
105	208
105	724
105	1535
105	1132
105	644
105	209
105	826
105	237
105	1680
105	98
105	424
105	696
105	723
105	31
105	869
105	90
105	409
105	83
105	1296
105	192
105	1392
105	42
105	372
105	361
105	211
105	963
105	610
105	19
105	139
105	283
105	929
105	736
105	1021
105	31
105	1150
105	902
105	488
105	515
105	206
105	1179
105	99
105	720
105	426
105	1713
105	232
105	445
105	273
105	759
105	757
105	455
105	207
105	1525
105	96
105	141
105	605
105	760
105	110
105	283
105	19
105	1194
105	183
105	835
105	578
105	397
105	1015
105	1028
105	1197
105	638
105	68
105	1109
105	191
105	305
105	974
105	1366
105	1228
105	41
105	145
105	1171
105	737
105	394
105	1040
105	488
106	778
106	32
106	1156
106	1599
106	589
106	1605
107	1092
107	963
107	767
107	190
107	504
107	393
107	161
107	1388
107	590
107	558
107	558
107	1560
107	1312
107	300
107	710
107	548
107	1494
107	1346
107	975
107	11
107	1115
107	420
107	116
107	854
107	230
107	591
107	1647
107	909
107	392
107	539
107	64
107	774
107	481
107	1505
107	458
107	58
107	284
107	404
107	283
107	323
107	1092
107	836
107	1521
107	190
107	602
107	1214
107	230
107	586
107	502
107	1748
107	258
107	101
107	858
107	158
107	865
107	232
107	418
108	1310
108	337
108	242
108	308
108	780
108	320
108	1082
108	744
108	1255
108	42
108	1219
108	268
108	305
108	265
108	22
108	95
108	853
108	186
108	578
108	1439
108	601
108	996
108	64
108	682
108	30
108	89
108	523
108	669
108	304
108	273
108	548
108	654
108	1075
108	670
108	174
108	1314
108	299
108	146
108	371
108	366
108	127
108	51
108	138
108	391
108	223
108	268
108	596
108	1222
108	1254
108	334
108	268
108	1092
108	763
108	416
108	36
108	485
108	1065
108	857
108	559
108	510
108	346
108	1087
108	34
108	14
108	970
108	227
108	1212
108	793
108	232
108	566
108	223
108	95
108	866
108	306
108	437
108	274
108	1118
108	628
108	592
108	154
108	74
108	702
108	492
108	153
108	414
108	495
108	226
108	529
108	1340
108	237
108	565
108	243
108	1510
108	872
108	1390
108	140
108	343
108	492
108	356
108	644
108	72
108	113
108	288
108	881
108	167
108	95
108	917
108	599
108	48
108	492
108	1708
108	104
109	386
109	1261
110	412
110	540
110	151
110	518
110	7
110	1180
110	418
110	300
110	1550
110	71
110	296
110	405
110	595
110	477
110	87
110	68
110	810
110	581
110	697
110	800
110	183
110	268
110	466
110	835
110	466
110	640
110	375
110	1629
110	373
110	310
110	58
110	7
110	1021
110	130
110	221
110	582
110	195
110	298
110	35
110	983
110	45
110	236
110	853
110	383
110	834
110	942
110	848
110	727
110	727
110	943
110	788
110	7
110	64
110	31
110	0
110	1091
110	1288
110	690
110	196
110	625
110	418
110	866
110	411
110	1080
110	1095
110	736
110	369
110	71
110	581
110	94
110	52
110	523
110	864
110	5
110	1232
110	19
110	820
110	900
110	764
110	271
110	196
110	321
110	1100
110	15
110	562
110	1031
110	651
111	411
111	1276
111	1590
111	324
111	11
111	895
111	712
111	383
111	382
111	49
111	315
111	747
111	332
111	503
111	1446
111	1308
111	45
111	1071
111	767
111	994
111	2
111	144
111	1148
111	126
111	852
111	259
111	1347
111	276
111	705
111	36
111	111
111	355
111	564
111	132
111	218
111	242
111	877
111	1518
111	405
111	685
111	711
111	965
111	668
111	885
111	406
111	1729
111	692
111	775
111	675
111	581
111	457
111	958
111	609
111	817
111	616
111	1465
111	625
111	304
111	981
111	1363
111	1440
111	433
111	552
111	428
111	528
111	761
111	97
111	617
111	312
111	1775
111	28
111	120
111	122
111	260
111	72
111	355
111	163
111	445
111	411
111	280
111	128
111	1348
111	631
111	1225
111	342
111	425
111	1059
111	800
111	872
111	369
111	340
111	196
111	838
111	411
111	552
111	230
111	110
111	454
111	84
111	1334
111	1594
111	466
111	367
111	246
111	1173
111	55
111	1246
111	426
111	384
111	850
111	498
111	328
111	1588
111	84
111	1668
111	376
111	369
111	248
111	259
111	1664
111	470
111	556
111	765
111	384
111	477
111	1718
111	368
111	941
111	83
111	1463
111	1210
111	395
111	420
111	252
111	91
111	18
111	432
111	68
111	382
111	341
111	228
111	425
111	425
111	592
111	255
111	1303
111	1375
111	851
111	299
111	420
111	11
111	40
111	426
111	228
111	34
111	844
111	897
111	676
111	61
111	199
111	1350
111	415
111	930
111	85
111	75
111	61
111	438
111	126
111	322
111	322
111	1441
111	539
111	799
111	935
111	125
111	252
111	1405
111	454
111	586
111	238
111	267
111	58
111	132
111	445
112	1120
112	1661
112	356
113	52
113	274
113	602
113	1064
113	30
113	169
113	252
113	493
113	274
113	1274
113	1537
113	608
113	831
113	861
113	726
113	61
113	159
113	553
113	590
113	528
113	85
113	1054
113	237
113	437
113	299
113	669
113	446
113	82
113	502
113	1296
113	768
113	128
113	641
113	1764
113	860
113	274
113	727
113	458
113	101
113	15
113	591
113	846
113	200
113	530
113	600
113	302
113	328
113	782
113	366
113	130
113	564
113	1620
113	237
113	288
113	510
113	718
113	1400
113	27
113	182
113	352
113	934
113	108
113	220
113	1152
113	743
113	411
113	842
113	725
114	699
114	34
114	327
114	1630
114	452
114	958
114	28
115	1103
115	240
115	255
115	239
115	562
115	5
115	763
115	624
115	343
115	809
115	681
115	68
116	1487
116	664
116	120
116	492
116	1674
116	1531
116	203
116	613
116	782
116	738
116	102
116	734
116	795
116	97
116	609
116	183
116	769
116	418
116	604
116	465
116	497
116	538
116	372
116	241
116	108
116	671
116	1123
116	77
116	76
116	1031
116	711
116	551
116	34
116	103
116	456
116	567
116	247
116	1458
116	27
116	449
116	309
116	237
116	75
116	899
116	284
116	864
116	28
116	1315
116	538
116	252
116	1297
116	392
116	661
116	635
116	299
116	1259
116	1504
116	868
116	980
116	44
116	596
116	252
116	1327
116	717
116	353
116	567
116	1034
116	167
116	92
116	256
116	1303
116	1761
116	754
116	539
116	425
116	987
116	641
117	230
117	1324
117	402
117	70
117	99
117	914
117	283
117	64
117	718
118	177
118	1585
118	1335
118	418
118	1061
118	207
118	279
118	0
118	1283
118	104
118	80
118	943
118	68
118	2
118	610
118	971
118	333
118	1074
118	200
118	95
118	1036
118	65
118	1411
118	245
118	428
118	964
118	182
118	1491
118	198
118	261
118	191
118	74
118	497
118	1406
118	1756
118	12
118	839
118	309
118	747
118	961
118	128
118	888
118	346
118	82
118	789
118	592
118	496
118	914
118	555
118	531
118	1078
118	524
118	89
118	701
118	21
118	140
118	194
118	203
118	61
118	1286
118	214
118	10
118	250
118	969
118	699
118	1262
118	1203
118	559
118	23
118	478
118	1196
118	877
118	104
118	0
118	438
118	1700
118	810
118	208
118	373
118	5
118	1139
118	1430
118	289
118	1778
118	1112
118	685
118	1168
118	594
118	717
118	228
118	831
118	1295
118	618
118	101
118	470
118	1726
118	780
118	640
118	244
118	68
118	527
118	1492
118	902
118	717
118	688
118	155
118	104
118	627
118	352
118	118
118	1146
118	287
118	175
118	580
118	1779
118	31
118	1750
118	364
118	67
118	338
118	28
118	393
118	1397
118	542
118	1273
118	52
118	628
118	567
118	367
118	875
118	1522
118	1556
118	611
118	693
118	211
118	183
118	183
118	590
118	580
118	95
118	538
118	1323
118	392
118	60
118	555
118	952
118	631
118	1156
118	491
118	1659
118	31
118	109
118	95
118	1191
118	958
118	777
118	312
118	275
118	904
118	558
118	1539
118	1714
118	914
118	54
118	609
118	85
118	446
118	1424
118	666
118	1651
118	54
118	1694
118	196
118	148
118	48
118	1310
118	1112
118	948
118	286
119	1206
119	853
119	203
119	1382
119	811
120	341
120	321
120	954
120	83
120	943
120	222
120	100
120	1214
120	384
120	479
120	1056
120	67
120	430
120	228
120	1299
120	831
120	367
120	717
120	699
120	638
120	372
120	1527
120	551
120	591
120	36
120	811
120	73
120	61
120	150
120	67
120	17
120	242
120	129
120	18
120	219
120	262
120	77
120	90
120	1281
120	253
120	436
120	113
120	284
120	376
120	272
120	257
120	625
120	198
120	87
120	290
120	85
120	784
120	50
120	768
121	1451
121	173
121	307
121	405
121	670
121	1001
121	466
121	1707
121	1231
121	172
121	723
121	40
121	1513
121	822
121	845
121	1019
121	10
121	232
121	887
121	1090
121	1591
121	110
121	782
121	233
121	393
121	426
121	196
121	624
121	892
121	391
121	396
121	564
121	85
121	85
121	186
122	1305
122	337
122	867
122	278
123	305
123	117
123	1202
123	348
123	727
123	125
123	15
123	1770
123	37
123	422
123	289
123	1682
123	266
123	340
123	545
123	1529
123	27
123	94
123	221
123	85
123	267
123	1250
123	297
123	12
123	30
123	278
123	403
123	433
123	89
123	1398
123	758
123	158
123	564
123	492
123	606
123	1008
124	217
124	376
124	406
124	210
125	140
125	116
125	9
125	215
125	244
125	811
125	30
125	272
125	1211
125	1613
125	1470
125	1561
125	1352
125	692
125	471
125	0
125	2
125	1149
125	1154
125	85
125	1362
125	195
125	746
125	552
125	539
125	294
125	539
125	688
125	369
125	125
125	1094
125	1280
125	935
125	627
125	207
125	209
125	340
125	1262
125	549
125	346
125	812
125	271
125	733
125	1287
125	457
125	1002
125	29
125	640
125	382
125	420
125	673
125	630
125	43
125	557
125	487
125	340
125	1662
125	1097
125	1083
125	375
125	373
125	1136
125	224
125	225
125	472
125	20
125	1600
125	199
125	1607
125	1326
125	77
125	408
125	1249
125	1027
125	428
125	166
125	661
125	783
125	373
125	554
125	1117
125	1048
125	199
125	1120
125	592
125	1254
125	1428
125	367
125	107
125	910
125	71
125	509
125	602
125	172
125	173
125	944
125	995
125	489
125	338
125	520
125	251
125	258
125	114
125	525
125	1206
125	5
125	346
125	253
125	831
125	16
125	481
125	282
125	1178
126	562
126	521
126	77
126	1530
126	127
126	9
126	1168
126	826
126	96
126	427
126	113
126	99
126	289
126	195
126	54
126	586
126	454
126	383
126	240
126	922
126	1025
126	263
126	305
126	268
126	199
127	725
127	425
127	372
127	106
127	150
127	1311
127	81
127	423
127	1587
127	408
127	376
127	300
127	371
127	353
127	765
127	1376
127	761
127	1147
127	638
127	89
127	410
127	592
127	116
127	241
127	71
127	62
127	667
127	272
127	566
127	99
127	970
127	1095
127	28
127	7
127	330
127	577
127	11
127	255
127	1581
127	1606
127	558
127	765
127	283
127	755
127	108
127	99
127	223
127	746
127	1780
127	337
127	330
127	395
127	909
127	949
127	874
127	445
127	307
127	468
127	1076
127	28
127	123
127	1519
127	517
127	325
127	1004
127	234
127	726
127	384
127	229
127	98
127	428
127	718
127	863
127	222
127	431
127	874
127	622
127	1262
127	1081
127	1186
127	753
127	311
127	791
127	351
127	127
127	1289
127	495
127	710
127	551
127	420
127	36
127	166
127	582
127	70
127	111
127	1002
127	206
127	906
127	483
127	702
127	1067
127	698
127	239
127	8
127	645
127	596
127	427
127	24
127	234
127	857
127	127
127	174
127	120
127	19
127	238
127	284
127	417
127	498
127	1429
127	723
127	154
127	820
127	335
127	471
127	221
127	916
127	1270
127	221
127	78
127	298
127	561
127	953
127	1228
127	999
127	848
127	7
127	127
127	1244
127	188
127	181
127	745
127	635
127	631
127	914
127	1131
127	1222
127	84
127	41
127	120
127	1137
127	270
127	98
127	38
127	774
127	1369
127	363
127	316
127	571
127	192
127	80
127	623
127	548
127	261
127	348
127	19
127	2
127	639
127	698
127	384
127	29
127	41
127	821
127	43
127	347
127	498
127	404
127	419
127	11
127	619
127	29
127	1069
127	1541
127	886
127	78
127	564
127	351
127	339
127	96
127	343
127	413
127	445
127	798
127	1474
127	372
127	476
127	640
127	0
127	99
127	848
127	264
127	851
127	1399
127	551
127	1782
127	36
127	74
127	1244
127	446
127	305
127	97
127	389
127	667
127	264
127	635
127	186
127	312
127	426
127	661
127	701
127	193
127	356
127	216
127	13
127	170
127	320
127	340
127	125
127	195
127	156
127	811
127	582
127	643
127	185
127	36
127	216
127	1203
127	239
127	247
127	43
127	958
127	1409
127	889
127	826
127	413
127	1601
127	824
127	349
127	333
127	583
127	0
127	314
127	399
127	315
127	411
127	368
127	28
127	616
127	108
127	4
127	370
127	425
127	701
127	75
127	38
127	318
127	1140
127	196
127	401
127	479
127	860
127	336
127	1367
127	186
127	232
127	215
127	564
127	126
127	352
127	619
127	591
127	564
127	1564
127	571
127	226
127	184
127	395
127	256
127	1449
127	21
127	1006
127	196
127	195
127	1425
127	108
128	368
128	509
128	295
128	101
128	1212
128	1298
128	375
128	203
128	182
128	562
128	437
128	226
128	9
128	199
128	69
128	1648
128	438
128	320
128	298
128	457
128	29
128	127
128	167
128	422
128	45
128	749
128	1452
128	278
128	389
128	106
128	956
128	681
128	1211
128	183
128	413
128	103
128	271
128	796
128	1023
128	356
128	185
128	559
128	646
128	27
128	99
128	861
128	70
128	300
128	21
128	67
128	4
128	198
128	238
128	471
128	495
128	115
128	489
129	378
129	300
129	3
129	299
129	183
129	69
129	51
129	767
129	1187
129	125
130	540
130	932
130	403
130	253
130	267
130	99
130	836
130	561
130	223
131	130
131	1413
132	828
132	397
132	300
132	77
132	1093
132	607
132	596
132	411
132	6
132	196
132	246
132	42
132	698
132	185
132	42
132	346
132	404
132	123
132	1657
132	10
132	81
132	588
132	621
132	14
132	1163
132	275
132	1671
132	532
132	248
132	577
132	425
132	265
132	116
132	921
132	77
132	152
132	730
132	788
132	595
132	703
132	346
132	965
132	538
132	358
132	107
132	72
132	1355
132	1221
132	1013
132	272
132	382
132	101
132	289
132	996
132	188
132	82
132	282
132	127
132	349
132	1160
132	225
132	240
132	406
132	871
132	836
132	67
132	1047
132	124
132	746
132	135
132	1048
132	391
132	713
132	536
132	859
