0	1
0	2
0	3
0	4
0	5
0	6
0	7
0	8
0	9
0	10
0	11
0	12
0	13
0	14
0	15
0	16
0	17
0	18
0	19
0	20
0	21
0	22
0	23
0	24
0	25
0	26
0	27
0	28
0	29
0	30
0	31
0	32
0	33
0	34
0	35
0	36
0	37
0	38
0	39
0	40
0	41
0	42
0	43
0	44
0	45
0	46
0	47
0	48
0	49
0	50
0	51
0	52
0	53
0	54
0	55
0	56
0	57
0	58
0	59
0	60
0	61
0	62
0	63
0	64
0	65
0	66
0	67
0	68
0	69
1	70
1	71
1	0
1	72
1	73
2	11
2	1
2	74
2	70
2	75
2	76
2	77
2	78
2	79
2	80
2	81
2	82
2	83
2	84
2	85
2	86
2	87
2	88
2	89
2	90
2	10
2	91
2	92
2	93
2	94
2	95
2	96
3	97
3	98
3	74
3	85
3	99
3	100
3	101
3	102
3	103
3	70
3	80
3	81
3	77
3	104
3	105
3	106
3	82
3	107
3	108
3	109
3	5
3	110
3	111
3	91
3	112
3	113
3	114
3	115
3	116
3	117
3	118
3	119
3	120
3	121
3	122
3	123
3	46
3	124
3	125
3	126
3	45
3	64
3	127
3	128
3	129
3	130
3	131
3	132
3	133
3	134
3	135
3	136
3	137
3	138
3	139
3	140
3	141
3	142
3	143
3	144
3	145
3	146
3	147
3	148
3	149
3	150
3	151
3	152
3	153
3	154
3	155
3	156
3	157
3	158
3	159
3	160
3	161
3	162
3	163
3	164
3	165
3	166
3	15
3	167
3	168
3	169
3	170
3	171
3	172
3	173
3	174
3	175
3	176
3	60
4	90
4	80
4	81
4	177
4	178
4	179
4	7
4	180
4	181
4	182
4	183
4	184
4	85
4	99
4	185
4	186
4	187
4	188
4	70
4	189
4	190
4	95
4	71
4	191
4	192
4	193
4	194
4	195
4	196
4	197
4	198
4	199
4	5
4	200
4	91
4	201
4	202
4	111
4	203
4	204
5	190
5	179
5	205
5	181
5	77
5	3
5	198
5	206
5	104
5	185
5	204
5	207
5	208
5	6
6	209
6	190
6	199
6	210
6	200
6	77
6	211
6	91
6	212
6	5
6	213
7	214
7	3
7	193
7	215
7	71
7	216
7	70
7	217
7	218
7	219
7	220
7	221
7	222
7	4
7	223
7	224
7	225
7	83
7	77
7	107
7	75
7	226
7	127
7	207
7	227
7	228
7	229
7	230
7	231
7	232
7	233
7	234
7	235
7	236
7	19
7	206
7	237
7	238
7	239
7	200
7	186
7	240
7	196
7	72
7	185
7	84
7	199
7	241
7	68
7	242
7	243
7	244
7	245
7	209
7	246
7	73
7	247
7	248
7	249
7	250
7	113
7	251
7	252
7	253
7	254
7	183
7	255
7	256
7	257
7	258
7	259
7	44
7	260
7	119
7	128
7	0
7	261
7	262
8	90
8	91
8	199
8	185
8	186
8	253
8	263
8	264
8	221
8	87
8	265
8	266
8	15
8	267
8	268
8	269
8	270
8	46
8	183
8	237
8	271
8	115
8	272
8	10
8	92
8	273
8	227
8	274
8	275
8	276
8	195
8	277
8	278
8	279
8	280
8	11
8	281
8	282
8	283
8	242
8	65
8	284
8	285
8	36
8	286
8	287
8	116
8	288
8	289
8	290
8	291
8	13
8	292
8	293
8	294
8	295
8	222
8	296
8	297
8	95
9	90
9	298
9	256
9	299
9	6
9	226
9	300
9	234
9	186
9	301
9	242
9	15
9	302
9	303
9	222
9	304
9	238
9	254
9	305
9	10
9	219
9	246
9	237
9	230
9	306
9	282
9	94
9	292
9	307
9	283
9	308
9	309
9	310
10	106
10	311
10	268
10	312
10	313
10	314
10	315
10	104
10	316
10	317
10	251
10	227
10	284
10	318
10	92
10	238
10	276
10	319
10	320
10	272
10	9
10	321
10	322
10	323
10	263
10	254
10	239
10	36
10	110
10	324
10	222
10	14
10	325
10	196
10	116
10	288
10	305
10	283
10	108
11	2
11	85
11	326
11	223
11	327
11	328
11	259
11	329
11	330
11	246
11	288
11	331
11	283
11	196
11	117
11	332
11	333
11	334
11	335
12	299
12	336
12	5
12	7
12	337
12	290
12	108
12	99
12	338
12	339
12	326
12	253
12	340
12	341
12	342
12	85
12	46
12	343
12	315
12	9
12	241
12	344
12	10
12	345
12	300
12	346
12	256
12	96
12	272
12	323
12	237
12	347
12	94
12	348
12	278
12	293
12	325
12	219
12	110
12	286
12	305
12	349
12	350
12	311
12	351
12	352
12	264
12	353
12	354
12	30
12	281
12	246
12	355
12	17
12	74
12	356
12	357
12	271
12	238
12	358
12	258
12	359
12	283
12	360
12	361
12	291
12	186
12	362
12	363
12	364
12	365
12	366
12	243
12	288
12	247
12	28
12	367
12	368
12	369
12	14
12	370
12	371
12	252
12	20
12	372
12	373
12	104
12	374
12	21
12	31
13	12
13	353
13	375
13	17
13	376
13	377
13	378
13	230
13	379
13	290
13	380
13	381
13	294
13	382
13	383
13	384
13	167
13	385
14	100
14	207
14	226
14	225
14	386
14	99
14	216
14	116
14	387
14	190
14	183
14	245
14	388
14	326
14	389
14	272
14	382
14	390
14	268
14	391
14	241
14	392
14	393
14	89
14	343
14	394
14	104
14	237
14	312
14	258
14	36
14	15
14	395
14	396
14	231
14	329
14	230
14	10
14	305
14	74
14	379
14	354
14	352
14	289
14	30
14	397
14	242
14	13
14	378
14	366
14	398
14	399
14	400
14	401
14	247
14	402
14	403
14	371
14	404
14	405
14	219
14	186
14	255
14	406
14	372
14	407
14	408
14	223
14	409
14	410
14	411
14	412
14	413
14	376
14	414
14	384
14	415
14	236
14	416
14	373
14	417
14	418
14	246
14	120
14	419
14	420
14	421
14	27
14	108
14	34
14	422
14	65
14	125
14	21
14	423
14	424
14	64
14	28
14	196
14	425
14	426
14	427
14	428
14	429
14	41
14	430
14	44
14	431
14	432
14	433
14	434
14	435
14	58
14	436
14	437
14	438
14	132
14	439
14	18
14	440
14	441
14	442
14	443
14	444
14	445
14	446
14	447
14	59
14	448
14	449
14	450
14	151
14	451
14	452
14	453
14	454
14	138
14	455
14	3
14	327
14	456
14	172
14	158
14	457
14	458
14	127
14	174
14	459
14	460
14	461
14	462
14	140
14	111
14	463
14	464
14	42
14	465
14	271
14	466
14	467
14	468
15	469
15	470
15	5
15	71
15	225
15	356
15	471
15	75
15	221
15	264
15	162
15	113
15	216
15	253
15	472
15	275
15	269
15	473
15	99
15	256
15	474
15	183
15	127
15	298
15	116
15	475
15	28
15	111
15	476
15	188
15	234
15	477
15	341
15	478
15	342
15	340
15	479
15	480
15	30
15	85
15	481
15	107
15	190
15	276
15	268
15	482
15	483
15	46
15	82
15	86
15	282
15	251
15	484
15	393
15	230
15	485
15	227
15	219
15	104
15	9
15	313
15	392
15	222
15	252
15	242
15	486
15	271
15	90
15	272
15	317
15	36
15	487
15	255
15	243
15	322
15	241
15	258
15	488
15	305
15	10
15	92
15	239
15	320
15	489
15	490
15	289
15	491
15	492
15	19
15	416
15	376
15	425
15	24
15	493
15	29
15	27
15	494
15	433
15	495
15	496
15	497
15	498
15	499
15	500
15	501
15	502
15	503
15	504
15	505
15	144
15	466
15	506
15	507
15	134
15	435
15	121
15	508
15	509
15	510
15	511
15	512
15	513
15	514
15	515
15	69
15	120
15	141
15	516
15	137
15	517
15	443
15	518
15	390
15	139
15	519
15	520
15	174
15	521
15	23
15	369
15	410
15	449
15	522
15	169
15	59
15	136
15	3
15	172
15	175
15	523
15	524
15	525
15	148
15	526
15	170
15	458
15	527
15	463
15	436
15	461
15	140
15	528
15	48
15	529
15	42
15	530
15	531
15	532
15	533
15	534
15	535
15	460
16	372
16	539
16	417
16	538
16	540
16	132
16	504
16	541
16	542
17	341
17	340
17	313
17	15
17	272
17	488
17	543
17	315
17	237
17	284
17	238
17	544
17	278
17	94
17	281
17	258
17	65
17	545
17	305
17	252
17	297
17	546
17	116
17	426
17	547
17	166
17	375
17	492
17	242
17	548
17	549
17	222
17	550
17	551
17	186
17	74
17	255
17	283
17	243
17	13
17	372
17	16
17	552
17	553
17	412
17	219
17	373
17	413
17	554
17	196
17	555
17	418
17	167
17	556
17	557
17	558
17	406
17	376
18	559
18	560
18	333
18	561
18	562
18	128
18	95
18	368
18	563
18	11
18	383
18	110
18	373
18	330
18	564
18	565
18	566
18	567
18	568
18	412
18	384
18	569
18	232
18	570
18	65
18	571
18	280
18	572
18	38
18	573
18	574
18	575
18	406
18	558
18	576
18	27
18	31
18	125
18	577
18	578
18	223
18	579
18	135
18	411
18	36
18	580
18	321
18	581
18	582
18	492
18	583
18	584
18	585
18	296
18	60
18	586
18	497
18	130
18	587
18	588
18	44
18	589
18	34
18	590
18	465
18	591
18	61
18	62
18	592
18	593
18	594
18	595
18	596
18	597
18	598
18	129
18	446
18	599
18	600
18	601
18	66
18	67
18	602
18	603
18	604
18	605
18	606
18	607
18	608
18	609
18	610
18	611
18	612
18	613
18	535
18	614
19	199
19	240
19	7
19	275
19	99
19	615
19	253
19	298
19	241
19	209
19	234
19	216
19	337
19	616
19	221
19	617
19	618
19	326
19	183
19	263
19	372
19	371
19	619
19	454
19	280
19	248
19	538
19	232
19	125
19	564
19	433
19	259
19	620
19	409
19	384
19	621
19	426
19	622
19	569
19	623
19	342
19	369
19	16
19	416
19	132
19	427
19	405
19	21
19	624
19	30
19	18
19	223
19	625
19	626
19	65
19	627
19	628
19	629
19	630
19	36
19	631
19	130
19	632
19	64
19	300
20	633
20	634
20	365
20	635
20	417
20	367
20	636
20	581
20	369
20	48
20	128
20	433
20	296
20	167
20	372
20	564
20	637
20	426
20	368
20	423
20	572
20	19
20	427
20	347
20	638
20	639
20	640
20	631
20	641
20	567
20	642
20	643
20	644
20	645
20	500
20	646
20	647
20	648
20	649
20	650
20	512
20	651
20	652
20	653
20	654
20	655
20	656
20	657
20	658
21	2
21	659
21	564
21	539
21	660
21	246
21	661
21	19
21	662
21	592
21	663
21	27
21	31
21	296
21	123
21	664
21	538
21	665
21	605
22	305
22	340
22	540
22	384
22	413
22	666
22	17
22	373
22	445
22	625
22	667
22	36
22	125
22	668
22	669
22	542
22	670
22	671
22	672
22	673
22	674
22	657
23	133
23	675
23	676
23	677
23	515
23	436
23	518
23	169
23	678
23	679
23	680
24	681
24	682
24	683
24	684
24	685
24	536
24	422
24	686
24	223
25	0
25	687
25	425
25	24
26	425
26	24
26	664
26	688
26	689
26	690
26	691
26	692
26	693
26	694
26	695
27	696
27	95
27	454
27	246
27	371
27	697
27	372
27	445
27	125
27	409
27	408
27	426
27	540
27	556
27	416
27	609
27	296
27	21
27	373
27	417
27	420
27	34
27	681
27	44
27	581
27	425
27	24
27	493
27	28
27	29
27	586
27	347
27	698
27	422
27	31
27	699
27	418
27	700
27	701
28	216
28	488
28	340
28	229
28	209
28	346
28	74
28	702
28	703
28	704
28	232
28	705
28	297
28	219
28	550
28	378
28	222
28	243
28	186
28	706
28	707
28	110
28	539
28	389
28	404
28	375
28	454
28	258
28	708
28	426
28	697
28	372
28	709
28	65
28	384
28	17
28	19
28	18
28	445
28	140
28	416
28	120
28	406
28	710
28	711
28	413
28	712
28	237
28	635
28	425
28	369
28	713
28	699
28	714
28	223
28	715
28	27
28	716
28	623
28	29
28	717
28	300
28	718
28	719
28	125
28	30
28	667
28	720
28	422
28	669
28	424
28	581
28	452
28	34
28	721
28	428
28	698
28	417
28	376
28	37
28	722
28	619
28	64
28	411
28	36
28	582
28	510
28	577
28	39
28	584
28	723
28	465
28	62
28	41
28	724
28	44
28	40
28	108
28	725
28	726
28	233
28	173
28	236
28	646
28	592
28	166
28	727
29	728
29	413
29	729
29	368
29	635
29	425
29	730
29	685
29	369
29	24
29	731
29	665
29	717
29	27
29	382
29	291
29	223
29	667
29	581
29	732
29	733
29	734
29	538
29	699
29	719
29	300
29	681
29	735
29	417
29	39
29	424
29	428
29	736
30	4
30	233
30	231
30	217
30	737
30	183
30	113
30	127
30	216
30	108
30	298
30	738
30	299
30	221
30	234
30	243
30	248
30	739
30	616
30	190
30	395
30	740
30	341
30	476
30	741
30	268
30	390
30	346
30	15
30	742
30	82
30	85
30	276
30	743
30	226
30	744
30	745
30	320
30	305
30	272
30	323
30	746
30	747
30	254
30	105
30	489
30	293
30	748
30	282
30	239
30	563
30	242
30	297
30	12
30	74
30	749
30	186
30	307
30	750
30	120
30	354
30	230
30	294
30	14
30	111
30	751
30	378
30	13
30	752
30	363
30	247
30	415
30	753
30	754
30	288
30	552
30	252
30	755
30	756
30	548
30	110
30	236
30	454
30	95
30	402
30	757
30	758
30	317
30	193
30	759
30	760
30	406
30	697
30	372
30	539
30	564
30	445
30	366
30	36
30	412
30	202
30	31
30	761
30	762
30	128
30	384
30	702
30	637
30	19
30	351
30	572
30	465
30	763
30	622
30	167
30	764
30	556
30	417
30	418
30	246
30	34
30	581
30	438
30	635
30	39
30	22
30	422
30	27
30	699
30	427
30	715
30	582
30	538
30	158
30	28
30	40
30	21
30	765
30	29
30	766
30	401
30	196
30	767
30	428
30	768
30	769
30	376
30	37
30	640
30	304
30	609
30	586
30	497
30	255
30	770
30	771
30	382
30	122
30	772
30	773
30	700
30	300
30	718
30	51
31	4
31	5
31	113
31	200
31	127
31	774
31	481
31	243
31	249
31	89
31	752
31	186
31	400
31	488
31	241
31	775
31	238
31	346
31	272
31	242
31	305
31	416
31	357
31	539
31	247
31	40
31	95
31	219
31	193
31	255
31	776
31	372
31	564
31	620
31	125
31	492
31	104
31	406
31	540
31	412
31	36
31	30
31	777
31	343
31	761
31	384
31	413
31	758
31	65
31	626
31	726
31	411
31	778
31	21
31	132
31	296
31	368
31	712
31	425
31	321
31	27
31	418
31	108
31	715
31	600
31	581
31	45
31	18
31	733
31	422
31	766
31	428
31	767
31	304
31	34
31	426
31	753
31	557
31	779
31	640
31	376
31	780
31	64
31	302
31	389
31	596
31	781
31	782
31	280
31	420
31	395
31	783
31	784
31	785
31	259
31	504
32	701
32	786
32	766
32	787
32	529
32	517
33	71
33	305
33	90
33	46
33	788
33	365
33	11
33	768
33	591
33	502
33	504
33	173
33	436
33	675
33	789
33	468
33	790
33	791
33	792
33	793
34	195
34	368
34	412
34	552
34	123
34	115
34	27
34	639
34	65
34	625
34	557
34	29
34	424
34	21
34	619
34	794
34	470
34	781
34	795
34	428
34	767
34	355
34	347
34	37
34	426
34	427
34	577
34	582
34	28
34	796
34	395
34	44
34	31
34	797
34	780
34	733
34	498
34	769
34	58
34	688
34	128
34	411
35	268
35	343
35	294
35	354
35	756
35	406
35	219
35	118
35	510
35	798
35	426
35	767
35	799
35	583
35	713
35	65
35	0
35	274
35	800
35	465
35	725
35	801
35	802
35	803
35	804
35	805
35	806
35	783
35	525
35	807
35	808
35	809
35	810
35	787
35	811
35	812
35	392
35	813
35	542
36	395
36	814
36	340
36	305
36	193
36	394
36	280
36	101
36	482
36	87
36	234
36	320
36	15
36	251
36	815
36	346
36	490
36	816
36	817
36	276
36	252
36	94
36	242
36	295
36	278
36	238
36	539
36	293
36	116
36	11
36	818
36	350
36	227
36	343
36	264
36	237
36	288
36	756
36	819
36	14
36	246
36	258
36	132
36	820
36	140
36	765
36	565
36	564
36	761
36	405
36	30
36	20
36	821
36	215
36	31
36	777
36	223
36	219
36	417
36	425
36	24
36	492
36	418
36	822
36	22
36	195
36	823
36	795
36	29
36	376
36	667
36	824
36	732
36	582
36	619
36	728
36	711
36	125
36	825
36	424
36	423
36	422
36	826
36	196
36	65
36	428
36	382
36	579
36	28
36	581
36	585
36	827
36	19
36	828
36	625
36	577
36	304
36	390
36	404
36	630
36	736
36	829
36	830
36	831
36	426
36	832
36	123
36	833
37	539
37	562
37	300
37	296
37	405
37	817
37	712
37	454
37	774
37	697
37	759
37	581
37	620
37	761
37	48
37	552
37	21
37	623
37	758
37	795
37	368
37	430
37	711
37	27
37	834
37	445
37	347
37	40
37	125
37	423
37	321
37	596
37	510
37	417
37	389
37	733
37	34
37	427
37	768
37	428
37	640
37	557
37	582
37	46
37	630
37	835
37	698
37	39
37	828
37	41
37	625
37	586
37	30
37	411
37	167
38	184
38	6
38	618
38	836
38	94
38	371
38	104
38	372
38	564
38	837
38	501
38	376
38	21
38	733
39	132
39	445
39	373
39	540
39	413
39	761
39	405
39	19
39	300
39	838
39	428
39	28
39	29
39	461
39	733
39	37
39	769
39	420
39	839
40	840
40	286
40	346
40	758
40	278
40	74
40	739
40	232
40	841
40	230
40	548
40	725
40	562
40	717
40	31
40	246
40	842
40	636
40	843
40	415
40	844
40	248
40	412
40	584
40	540
40	845
40	817
40	343
40	661
40	846
40	296
40	167
40	427
40	702
40	664
40	667
40	720
40	37
40	30
40	576
40	300
40	507
40	39
40	428
40	236
40	158
40	135
40	510
40	769
40	46
40	847
40	848
40	395
40	196
40	733
40	698
40	849
40	850
40	826
40	423
40	44
40	835
40	524
40	125
40	851
40	588
40	392
40	42
40	852
40	376
40	853
40	41
40	723
40	586
40	854
40	855
40	411
40	123
40	389
40	45
40	625
40	856
40	857
40	28
40	858
40	567
41	81
41	219
41	125
41	167
41	44
41	395
41	27
41	623
41	859
41	718
41	428
41	723
41	577
41	551
41	733
41	581
41	592
41	430
41	596
41	46
41	698
41	860
41	630
41	169
41	37
41	58
41	861
41	632
41	638
41	123
41	432
41	411
41	862
41	445
41	126
41	582
41	851
41	765
41	498
41	28
41	40
41	863
41	62
41	724
41	702
41	300
41	669
41	586
41	42
41	782
41	864
41	255
41	625
41	865
41	118
41	835
41	108
42	106
42	228
42	226
42	242
42	46
42	15
42	65
42	202
42	433
42	756
42	104
42	412
42	661
42	376
42	555
42	765
42	246
42	838
42	664
42	734
42	854
42	577
42	723
42	866
42	40
42	867
42	41
42	273
42	510
42	369
42	702
42	868
42	67
42	599
42	869
42	763
42	870
42	871
42	872
42	262
42	873
42	874
42	410
42	875
42	453
42	138
42	151
42	592
42	524
42	436
42	172
42	876
42	877
42	878
42	169
42	879
42	127
42	442
42	145
42	456
42	880
42	14
42	881
42	882
42	883
42	465
42	176
42	529
42	461
43	5
43	91
43	788
43	196
43	418
43	437
43	736
43	831
43	375
43	884
43	885
43	167
43	886
43	711
43	810
43	786
43	887
43	888
43	889
43	890
44	564
44	553
44	409
44	536
44	891
44	406
44	892
44	21
44	167
44	863
44	734
44	410
44	558
44	433
44	709
44	893
44	894
44	422
44	41
44	895
44	115
44	712
44	425
44	685
44	24
44	426
44	376
44	418
44	27
44	732
44	29
44	701
44	347
44	778
44	718
44	768
44	795
44	31
44	428
44	34
44	583
44	37
44	896
44	829
44	430
44	897
44	852
44	557
44	39
44	688
44	898
44	46
44	783
44	40
44	640
44	854
44	596
44	62
44	510
44	498
44	638
44	724
44	690
45	258
45	65
45	376
45	27
45	420
45	31
45	596
45	639
45	630
45	862
45	688
45	899
45	900
45	382
45	67
45	901
45	902
45	867
45	861
45	557
45	782
45	457
45	466
45	125
45	903
45	904
45	167
45	423
45	498
45	905
45	40
45	906
45	907
45	499
45	300
45	631
45	908
46	97
46	190
46	177
46	101
46	102
46	226
46	71
46	189
46	224
46	203
46	211
46	909
46	910
46	182
46	6
46	184
46	376
46	225
46	5
46	99
46	72
46	113
46	545
46	111
46	85
46	82
46	15
46	268
46	743
46	911
46	912
46	913
46	89
46	267
46	315
46	394
46	266
46	115
46	91
46	914
46	284
46	94
46	275
46	329
46	290
46	10
46	116
46	377
46	286
46	36
46	362
46	292
46	311
46	915
46	316
46	325
46	916
46	917
46	404
46	231
46	918
46	375
46	548
46	11
46	919
46	920
46	289
46	921
46	356
46	922
46	294
46	283
46	380
46	13
46	364
46	317
46	333
46	923
46	297
46	8
46	309
46	754
46	293
46	924
46	379
46	366
46	745
46	562
46	414
46	95
46	454
46	20
46	925
46	926
46	738
46	620
46	927
46	639
46	565
46	296
46	426
46	539
46	232
46	564
46	709
46	409
46	104
46	540
46	408
46	412
46	384
46	223
46	19
46	628
46	351
46	158
46	246
46	17
46	14
46	433
46	405
46	877
46	635
46	425
46	714
46	27
46	681
46	424
46	767
46	928
46	30
46	896
46	929
46	930
46	931
46	135
46	775
46	417
46	37
46	355
46	583
46	735
46	432
46	584
46	932
46	711
46	769
46	38
46	596
46	630
46	64
46	828
46	492
46	39
46	933
46	934
46	860
46	582
46	935
46	581
46	936
46	458
46	389
46	725
46	632
46	18
46	937
46	566
46	938
46	939
46	44
46	940
46	722
46	724
46	466
46	874
46	848
46	119
46	62
46	510
46	941
46	557
46	831
46	782
46	41
46	52
46	942
46	300
46	862
46	392
46	465
46	943
46	122
46	121
46	944
46	255
46	34
46	854
46	945
46	524
46	875
46	718
46	321
46	150
46	946
46	124
46	132
46	947
46	590
46	456
46	835
46	800
46	948
46	271
46	949
46	127
46	130
46	3
46	420
46	950
46	799
46	259
46	580
46	723
46	274
46	834
46	173
46	951
46	120
46	509
46	47
46	125
46	952
46	953
46	586
46	236
46	954
46	955
46	956
46	957
46	958
46	959
46	256
46	280
46	452
46	502
46	960
46	961
46	436
46	669
46	100
46	962
46	108
46	963
46	470
46	964
46	965
46	43
46	523
46	423
46	65
46	395
46	966
46	411
46	967
46	968
46	0
46	567
46	61
46	600
46	128
46	42
46	969
46	970
46	327
46	971
46	812
46	541
46	972
46	973
46	974
47	0
48	99
48	216
48	107
48	305
48	326
48	190
48	330
48	480
48	268
48	104
48	921
48	539
48	697
48	20
48	37
48	52
48	0
48	975
48	129
48	61
48	872
48	578
48	976
48	599
48	538
48	969
48	553
48	121
48	670
48	67
48	139
48	609
48	977
48	978
48	438
48	430
48	506
48	979
48	218
48	446
48	980
48	172
48	529
48	127
48	884
48	467
48	433
48	881
48	524
49	0
49	981
50	596
50	502
50	0
50	982
50	677
50	983
50	717
50	739
50	769
50	173
50	884
50	60
50	984
50	985
50	986
50	523
50	987
50	971
50	988
50	520
50	602
50	989
50	990
50	991
50	992
50	993
50	994
50	355
50	995
50	996
50	997
50	720
50	998
50	888
50	437
50	999
50	1000
50	1001
50	1002
50	1003
50	551
50	1004
50	1005
50	1006
51	196
51	1007
51	567
51	411
51	713
51	58
51	52
51	591
51	1008
51	215
51	1009
51	718
51	0
52	48
52	57
52	51
53	58
54	0
55	221
55	488
55	188
55	298
55	216
55	68
55	341
55	202
55	323
55	394
55	382
55	702
55	230
55	756
55	199
55	551
55	765
55	0
55	248
55	859
55	457
55	1010
55	812
55	1011
55	971
55	888
55	1012
55	996
55	1013
55	1014
55	1015
55	1001
55	775
55	274
55	693
55	647
55	644
55	1016
55	1017
55	845
56	723
56	0
57	52
57	0
57	1018
58	412
58	1019
58	624
58	767
58	619
58	723
58	585
58	631
58	577
58	452
58	432
58	588
58	41
58	498
58	124
58	34
58	710
58	51
58	261
58	53
58	0
58	60
58	1020
58	1021
58	445
58	670
58	1022
58	1023
58	129
58	61
58	592
58	593
58	609
58	173
58	594
58	962
58	1024
58	953
58	1025
58	504
58	437
58	558
58	67
58	1026
58	69
58	430
59	0
59	708
59	976
59	960
59	136
59	444
59	1027
59	454
59	515
59	1028
59	69
59	456
59	1029
59	273
59	169
60	926
60	384
60	38
60	763
60	425
60	158
60	430
60	769
60	852
60	602
60	586
60	50
60	0
60	58
60	1030
60	567
60	504
60	717
60	64
60	578
60	558
60	1031
60	1002
60	612
60	134
60	871
60	453
60	145
60	135
60	345
60	881
60	698
60	1032
60	140
60	1033
60	1034
60	3
60	1035
60	679
60	531
60	1036
60	1037
60	529
60	120
60	1038
60	496
60	1039
60	1040
60	502
60	764
60	533
60	1041
60	727
60	461
60	1042
60	1043
60	532
60	273
60	986
60	460
60	984
60	720
60	465
60	1044
60	1045
60	509
60	885
60	525
60	1046
60	517
60	173
60	1047
60	524
60	452
60	993
60	514
60	523
60	1048
60	1049
60	1050
60	1051
60	1052
61	48
61	130
61	420
61	58
61	1020
61	1053
61	1054
61	1008
61	1055
61	592
61	602
61	1056
61	67
61	582
61	63
62	312
62	37
62	60
62	554
62	373
62	406
62	637
62	416
62	21
62	134
62	947
62	629
62	18
62	824
62	583
62	630
62	1057
62	580
62	36
62	43
62	584
62	524
62	67
62	764
62	1058
62	510
62	933
62	935
62	46
62	423
62	39
62	958
62	432
62	495
62	938
62	723
62	832
62	420
62	725
62	736
62	799
62	395
62	1059
62	962
62	28
62	40
62	860
62	854
62	44
62	722
62	1060
62	1061
62	631
62	851
62	376
62	466
62	408
62	724
62	853
62	41
62	1062
62	948
62	411
62	45
62	641
62	498
62	1063
62	496
62	1064
62	1065
62	1066
62	509
62	52
62	718
62	128
62	578
62	0
62	1020
62	1067
62	1068
62	445
62	1069
62	129
62	258
62	61
62	1070
62	838
62	125
62	140
62	1071
62	1072
62	852
62	58
62	504
63	1073
63	114
63	1074
63	61
63	1075
63	604
64	1
64	101
64	214
64	75
64	80
64	81
64	290
64	617
64	83
64	1076
64	5
64	471
64	97
64	909
64	234
64	73
64	1077
64	741
64	264
64	298
64	1078
64	221
64	127
64	113
64	1079
64	363
64	328
64	340
64	299
64	476
64	85
64	479
64	256
64	390
64	255
64	107
64	268
64	393
64	104
64	394
64	226
64	1080
64	1081
64	89
64	313
64	272
64	559
64	9
64	115
64	36
64	314
64	200
64	241
64	488
64	322
64	10
64	92
64	15
64	315
64	438
64	327
64	275
64	219
64	94
64	276
64	277
64	284
64	325
64	1082
64	306
64	282
64	1083
64	1084
64	1085
64	563
64	1086
64	96
64	914
64	316
64	186
64	362
64	553
64	358
64	111
64	375
64	702
64	166
64	1087
64	307
64	289
64	356
64	74
64	116
64	705
64	922
64	294
64	293
64	750
64	752
64	378
64	723
64	333
64	364
64	297
64	545
64	561
64	1088
64	1089
64	1002
64	304
64	8
64	288
64	292
64	1090
64	308
64	11
64	1091
64	539
64	1092
64	489
64	366
64	461
64	774
64	125
64	371
64	756
64	697
64	372
64	564
64	670
64	409
64	1093
64	759
64	412
64	540
64	426
64	14
64	232
64	433
64	384
64	406
64	661
64	416
64	408
64	38
64	892
64	21
64	628
64	1094
64	842
64	763
64	296
64	246
64	727
64	1095
64	681
64	413
64	893
64	711
64	635
64	237
64	196
64	24
64	1096
64	714
64	223
64	623
64	27
64	28
64	34
64	424
64	45
64	29
64	766
64	425
64	795
64	576
64	1097
64	768
64	428
64	135
64	417
64	1098
64	31
64	581
64	1099
64	860
64	1100
64	41
64	769
64	376
64	46
64	828
64	39
64	65
64	698
64	19
64	577
64	854
64	688
64	432
64	1101
64	44
64	641
64	586
64	782
64	906
64	119
64	231
64	126
64	300
64	718
64	852
64	590
64	592
64	3
64	944
64	1102
64	524
64	120
64	959
64	1103
64	961
64	248
64	54
64	567
64	61
64	975
64	454
64	848
64	62
64	451
64	1104
64	1105
64	1106
64	1107
64	129
64	1108
64	1109
64	1110
64	1111
64	128
64	594
64	604
64	558
64	236
64	1112
64	1075
64	383
65	208
65	6
65	390
65	85
65	265
65	89
65	328
65	1113
65	836
65	329
65	94
65	10
65	1114
65	8
65	282
65	553
65	343
65	350
65	232
65	166
65	275
65	17
65	375
65	289
65	12
65	705
65	281
65	283
65	297
65	922
65	13
65	294
65	111
65	95
65	45
65	898
65	1115
65	247
65	754
65	9
65	11
65	1116
65	696
65	404
65	417
65	402
65	1117
65	636
65	366
65	367
65	1118
65	566
65	1119
65	120
65	1092
65	842
65	371
65	756
65	20
65	1120
65	272
65	564
65	42
65	639
65	565
65	351
65	1121
65	725
65	15
65	540
65	259
65	1021
65	296
65	681
65	384
65	662
65	750
65	37
65	19
65	626
65	140
65	355
65	1122
65	586
65	557
65	714
65	44
65	699
65	433
65	115
65	425
65	418
65	577
65	408
65	223
65	715
65	34
65	28
65	600
65	27
65	36
65	125
65	41
65	14
65	581
65	369
65	29
65	31
65	510
65	376
65	766
65	426
65	768
65	427
65	854
65	420
65	631
65	492
65	630
65	1123
65	64
65	1081
65	688
65	902
65	18
65	831
65	1124
65	638
65	567
65	411
65	236
65	35
65	956
65	436
65	807
65	46
65	248
65	1020
65	1125
65	868
65	0
65	504
65	127
65	132
65	970
65	590
65	857
65	1126
65	1127
65	1128
65	1129
66	1130
66	395
66	54
66	1021
66	1131
66	676
66	1132
66	1133
66	1134
66	1075
66	436
66	524
66	876
66	1067
66	637
66	259
66	182
66	129
66	981
66	613
66	1135
66	130
66	1136
66	599
66	132
66	261
66	1137
66	280
66	1138
66	0
66	383
67	107
67	183
67	251
67	338
67	341
67	1139
67	267
67	743
67	268
67	46
67	258
67	393
67	914
67	237
67	322
67	314
67	382
67	488
67	330
67	92
67	284
67	1140
67	127
67	325
67	10
67	120
67	1141
67	491
67	342
67	619
67	372
67	104
67	540
67	1142
67	702
67	384
67	230
67	413
67	629
67	681
67	726
67	425
67	684
67	24
67	27
67	28
67	41
67	424
67	423
67	718
67	768
67	767
67	426
67	428
67	18
67	860
67	38
67	376
67	828
67	1143
67	37
67	255
67	58
67	799
67	167
67	40
67	44
67	126
67	408
67	631
67	45
67	62
67	722
67	835
67	411
67	304
67	723
67	958
67	800
67	132
67	717
67	963
67	0
67	567
67	1021
67	975
67	61
67	64
67	1144
67	852
67	1145
67	1146
67	977
67	669
67	1138
67	1147
67	558
67	261
67	1112
67	125
67	108
67	864
67	613
67	763
67	42
67	129
67	446
67	259
67	369
67	1148
67	599
67	1134
67	1149
67	501
67	1150
67	48
67	262
68	109
68	1151
68	391
68	199
68	241
68	185
68	7
68	209
68	488
68	225
68	200
68	1152
68	338
68	1153
68	108
68	183
68	107
68	116
68	242
68	83
68	387
68	190
68	253
68	298
68	127
68	251
68	55
68	340
68	342
68	268
68	346
68	320
68	426
68	101
68	1154
68	121
68	0
68	847
68	451
68	1155
68	529
68	1156
68	1157
68	1071
68	1141
68	526
68	1158
68	521
68	468
68	533
68	1159
68	262
68	1160
68	1161
68	465
68	645
68	1162
68	1163
68	600
68	1164
68	811
68	1165
68	373
68	194
68	971
68	1166
68	527
68	1167
68	1027
68	1168
68	1012
68	1169
68	1170
68	1171
68	1172
68	602
68	137
68	352
68	717
68	1173
68	1174
68	1175
68	792
68	1176
68	435
68	1177
68	453
68	233
68	520
68	711
68	1178
68	1179
68	786
68	1180
68	967
68	809
68	1181
68	1182
68	274
68	966
68	1183
69	58
69	1184
69	1185
69	1186
69	1187
69	979
69	121
69	1188
69	1189
69	1067
69	443
69	203
69	175
69	1190
69	1191
69	1192
69	59
70	479
70	299
70	1132
70	1193
70	73
70	208
70	191
70	1
70	276
70	84
70	216
70	97
70	190
70	98
70	71
70	74
70	239
70	2
70	75
70	1194
70	1195
70	228
70	100
70	185
70	214
70	330
70	101
70	85
70	3
70	80
70	81
70	198
70	77
70	226
70	215
70	108
70	4
70	196
70	192
70	183
70	72
71	416
71	1132
71	1196
71	199
71	207
71	84
71	70
71	85
71	1197
71	253
71	101
71	100
71	98
71	1195
71	75
71	78
71	228
71	215
71	72
71	77
71	198
71	73
71	104
71	108
71	226
71	196
71	272
71	1198
71	1199
71	1200
71	1201
72	1
72	102
72	219
72	71
72	82
72	222
72	1202
72	211
72	77
72	95
72	70
72	217
72	83
72	225
72	471
72	909
72	305
72	226
72	84
72	183
72	253
72	190
72	228
73	193
73	11
73	1
73	78
73	215
73	71
73	85
73	226
73	216
73	338
73	255
73	70
73	80
73	221
73	91
73	278
73	840
73	6
73	211
73	82
73	77
73	111
73	224
73	5
73	356
73	200
73	471
73	380
73	1203
73	113
73	1204
73	382
73	475
73	238
73	87
73	190
73	84
73	1205
73	337
73	7
73	185
73	301
73	107
73	252
73	188
73	75
73	183
73	485
73	253
74	1194
74	581
74	469
74	3
74	70
74	2
74	76
74	214
74	5
74	209
74	215
74	192
74	211
74	4
74	95
74	278
74	377
74	77
74	910
74	356
74	433
74	109
74	380
74	225
74	471
74	438
74	1206
74	186
74	72
74	1207
74	737
74	199
74	1208
74	1209
74	185
74	75
74	99
74	256
74	338
74	127
74	269
74	108
74	559
74	475
74	298
74	616
74	19
74	188
74	221
74	113
74	85
74	190
74	253
74	341
74	244
74	299
74	363
74	340
74	483
74	82
74	46
74	282
74	15
74	227
74	744
74	226
74	89
74	740
74	312
74	9
74	322
74	200
74	195
74	486
74	488
74	276
74	252
74	552
74	766
74	420
74	1210
74	350
74	232
74	1211
74	416
74	255
74	125
74	1089
74	222
74	264
74	271
74	1212
74	116
74	1213
74	140
74	373
74	280
74	375
74	454
74	367
74	290
74	242
74	378
74	297
74	166
74	30
74	383
74	17
74	774
74	289
74	237
74	107
74	626
74	321
74	230
74	238
74	842
74	81
74	110
74	288
75	70
75	85
75	71
75	77
75	106
75	7
75	253
75	183
75	298
76	198
76	85
77	100
77	1197
77	233
77	470
77	195
77	1195
77	2
77	238
77	476
77	75
77	214
77	85
77	226
77	71
77	207
77	70
77	3
77	230
77	7
77	581
77	196
77	5
77	215
77	186
77	202
77	198
77	765
77	185
77	118
77	222
77	304
77	72
77	228
77	225
77	278
77	103
77	113
77	243
77	1214
77	190
77	909
77	209
77	203
77	183
77	253
78	70
78	199
78	73
78	84
78	80
78	253
78	190
78	110
78	2
78	1215
78	85
78	203
78	228
78	71
78	837
79	71
79	230
79	85
79	195
80	78
80	185
80	198
80	71
80	108
80	204
80	2
80	1195
80	581
80	85
80	215
80	70
81	100
81	183
81	196
81	188
81	470
81	217
81	476
81	229
81	70
81	110
81	3
81	1197
81	298
81	116
81	774
81	289
81	1217
81	586
81	737
81	379
81	381
81	378
81	704
81	1089
82	1218
82	99
82	75
82	196
82	101
82	185
82	72
82	3
82	226
82	225
82	183
82	202
82	253
82	73
82	909
82	341
82	1219
82	394
82	85
82	1139
82	244
82	480
82	1220
82	188
82	482
82	199
82	268
82	267
82	10
82	391
82	238
82	86
83	215
83	198
83	80
83	184
83	219
83	101
83	849
83	64
83	77
83	191
83	181
83	200
83	71
83	182
83	7
83	910
83	233
83	1152
83	72
83	356
83	1203
83	377
83	43
83	91
83	4
83	11
83	1214
83	87
83	99
83	185
83	240
83	1221
83	225
83	84
83	1153
83	73
83	107
83	206
83	1204
83	127
83	251
83	113
83	196
83	1222
83	162
83	264
83	914
83	68
83	188
83	110
83	299
83	298
83	221
83	216
83	337
83	429
83	388
83	276
83	617
83	1223
83	1224
83	183
83	186
83	199
83	209
83	239
83	245
83	667
83	253
83	1225
83	326
83	1226
83	545
83	477
83	234
83	301
83	85
83	391
83	226
83	268
83	195
83	312
83	406
83	339
83	389
83	1227
83	275
83	271
83	398
83	488
83	15
83	314
83	320
83	1228
83	241
83	305
83	10
83	559
83	346
83	397
83	738
83	316
83	563
83	328
83	96
83	717
83	581
83	116
83	1229
83	1211
83	238
83	726
83	288
83	12
83	395
83	378
83	81
83	247
83	293
83	923
83	366
83	754
83	231
83	252
83	28
83	562
83	774
83	104
83	20
83	564
83	65
83	125
83	759
83	465
83	415
83	343
83	628
83	40
83	838
83	586
83	158
83	766
83	767
83	584
83	619
83	797
83	34
83	835
83	702
83	38
83	36
83	844
83	1230
83	582
83	733
83	688
83	1231
83	118
83	1069
83	432
83	854
83	596
83	846
83	495
83	304
83	577
83	736
83	625
83	280
83	831
83	799
83	445
83	423
83	724
83	1060
83	826
83	638
83	853
83	255
83	851
83	723
83	669
83	1232
83	376
83	953
83	345
83	782
83	484
83	765
83	554
83	861
83	710
83	466
83	498
83	1111
83	856
83	510
83	3
83	120
83	126
83	896
83	1233
83	949
83	718
83	580
83	1147
83	1234
83	722
83	1235
83	411
83	961
83	261
83	904
83	46
83	392
83	591
83	1236
83	61
83	965
83	1055
83	1237
83	62
83	975
83	1238
83	590
83	1054
83	637
83	256
83	166
83	130
83	600
83	128
83	1239
83	872
83	173
83	613
83	31
83	1156
83	852
83	258
83	859
83	1240
83	1241
83	538
83	193
83	108
83	1025
83	1242
83	524
83	505
83	504
83	578
83	595
83	646
83	864
83	67
83	601
83	1131
83	1243
83	599
83	612
83	1244
83	1075
83	58
83	602
83	66
83	502
83	1026
83	523
83	436
83	1245
83	1246
83	511
83	857
83	430
83	1247
83	121
83	342
83	670
83	592
83	869
83	528
83	558
83	140
83	451
83	454
83	1031
83	1248
83	943
83	1249
83	1250
83	443
83	866
83	1251
83	535
83	1252
84	108
84	1
84	78
84	85
84	70
84	71
84	234
84	72
84	99
84	7
84	193
84	1214
84	256
84	240
84	228
84	185
84	253
84	225
84	737
84	337
84	183
84	475
84	242
84	199
84	196
85	210
85	470
85	207
85	338
85	98
85	74
85	1197
85	71
85	73
85	302
85	101
85	228
85	3
85	78
85	234
85	79
85	2
85	75
85	177
85	77
85	80
85	70
85	1253
85	76
85	104
85	4
85	83
85	386
85	185
85	348
85	84
85	225
85	301
85	1254
85	1255
85	11
85	189
85	190
85	253
85	199
85	320
85	99
85	298
85	1221
85	107
85	216
85	221
85	617
85	183
85	245
85	252
85	251
85	1256
85	814
85	1079
85	36
85	182
85	326
85	64
85	342
85	264
85	68
85	1219
85	391
85	1257
85	481
85	196
85	87
85	276
85	1139
85	241
85	581
85	48
85	242
85	1226
85	82
85	382
85	65
85	480
86	82
86	1258
87	1259
87	1206
87	99
88	2
89	306
89	77
89	71
89	101
89	7
89	5
89	97
89	11
89	959
89	337
89	1222
89	253
89	113
89	127
89	234
89	617
89	338
89	216
89	241
89	221
89	1077
89	326
89	341
89	190
89	233
89	340
89	265
89	273
89	15
89	482
89	391
89	1260
89	82
89	320
89	268
89	282
89	1205
89	393
89	186
89	553
89	229
89	1261
89	210
89	744
89	249
89	1262
89	740
89	239
89	305
89	1263
89	406
89	258
89	382
89	199
89	226
90	99
90	222
90	909
90	5
90	345
90	1207
90	337
90	116
90	474
90	338
90	241
90	617
90	326
90	183
90	1139
90	89
90	1264
90	226
90	301
90	416
91	233
91	95
91	71
91	190
91	3
91	909
91	193
91	225
91	185
91	83
91	6
91	99
91	107
91	204
91	4
91	226
91	100
91	199
91	212
91	559
91	259
92	1085
92	64
92	323
92	284
92	282
92	2
93	815
94	914
94	312
94	320
94	840
94	10
94	9
94	281
94	255
94	330
94	1095
94	92
94	2
94	275
94	1202
94	346
94	11
94	277
94	237
94	1084
94	305
94	232
94	1120
94	8
94	258
94	288
94	397
94	259
94	46
94	300
94	1265
94	1259
94	65
94	746
94	323
94	263
94	196
94	1266
94	278
94	747
94	284
95	72
95	206
95	91
95	190
95	391
95	1262
95	746
95	1211
95	361
95	557
95	401
95	335
95	696
95	1090
95	1267
95	709
95	404
95	367
95	757
95	426
95	712
95	128
95	697
95	259
96	1196
96	227
96	1228
96	348
96	305
96	288
96	382
96	774
96	1211
96	788
96	343
96	1268
97	3
97	195
97	70
97	190
97	99
97	661
97	250
97	390
97	548
97	132
97	712
97	126
97	403
97	1036
97	1269
97	1270
97	520
97	1271
97	1272
97	1273
97	167
97	1274
97	783
97	1178
97	1275
97	765
97	1040
97	1276
97	248
97	800
97	1048
97	1277
97	385
97	1278
97	1279
97	1280
97	1281
97	796
97	193
97	1282
97	1283
97	1284
97	1285
97	1002
97	1286
97	1287
97	1288
97	1289
97	1290
97	574
97	1291
97	1292
97	1260
97	1293
97	105
97	912
97	1294
97	1295
97	1296
98	71
98	207
98	85
98	70
98	1195
98	106
98	5
98	1297
99	90
99	78
99	74
99	3
99	100
99	97
99	4
99	304
99	234
99	77
99	253
99	814
99	204
99	91
99	185
99	559
99	476
99	219
99	83
99	87
99	7
99	84
99	228
99	199
99	226
99	1254
99	240
99	386
99	14
99	239
99	95
99	1298
99	269
99	225
99	191
99	1256
99	48
99	264
99	162
99	113
99	1299
99	216
99	1222
99	251
99	108
99	488
99	241
99	320
99	242
99	474
99	221
99	85
99	1214
100	1300
100	226
100	198
100	209
100	77
100	245
100	239
100	222
100	661
100	71
100	3
100	14
100	70
100	101
100	1197
100	306
100	1195
100	346
100	243
100	220
100	234
100	248
100	470
100	471
100	110
100	249
100	241
100	1202
100	857
100	390
100	91
100	46
100	389
100	718
100	600
100	854
100	420
100	1301
100	1302
100	876
100	838
100	395
100	963
100	1303
100	1304
100	1147
100	1305
101	726
101	1196
101	98
101	75
101	71
101	85
101	248
101	188
101	745
101	509
101	64
101	226
101	470
101	100
101	3
101	103
101	391
101	70
101	304
101	193
101	617
101	83
101	177
101	416
101	481
101	1235
101	476
101	199
101	36
101	68
101	399
101	412
101	762
101	376
101	420
101	628
101	1075
101	435
101	1306
101	1307
101	644
101	692
101	1308
101	403
101	810
101	437
101	811
101	990
101	1120
101	1309
101	793
101	1310
101	1311
101	889
101	1312
101	1313
101	1168
101	935
101	785
101	1314
101	1315
101	1316
101	1317
101	1318
101	1319
101	1320
101	1321
101	1322
101	1323
101	1324
101	1325
101	1128
101	1326
101	1327
101	1328
101	1329
101	1330
101	356
101	1331
101	1332
101	1333
101	1334
101	1335
101	1336
101	1337
101	1338
101	1339
101	1340
101	1341
101	1342
101	1343
101	1344
101	1345
101	1346
101	1347
101	1348
101	1288
101	671
101	1349
101	1350
101	1351
101	1352
102	3
102	72
102	217
102	215
102	104
103	192
103	101
103	118
103	215
103	108
103	81
103	223
103	77
103	107
103	380
103	451
103	1353
103	432
103	1354
103	1355
103	1356
103	801
103	692
103	1357
103	1358
103	1359
103	1360
103	787
103	810
103	711
103	811
103	1361
103	1181
103	551
103	1362
103	946
103	1363
103	717
103	1364
103	1310
103	690
103	998
103	1365
103	996
103	1366
103	1367
103	1368
103	1369
103	1370
103	441
103	1371
103	1372
103	1373
103	693
103	775
103	646
103	1374
103	1375
103	1376
103	1377
103	1378
103	1379
103	738
103	720
103	573
103	1380
103	644
103	1381
103	1382
103	1383
103	152
103	1384
103	1385
103	1120
103	845
103	525
103	651
103	1386
103	1017
103	1387
103	1286
103	1388
103	1389
103	1254
103	1390
103	1391
103	1392
103	1393
103	274
103	1394
103	1016
103	520
103	1395
103	655
103	1396
103	1397
103	654
103	1158
103	1398
103	1012
103	1399
104	75
104	1196
104	1195
104	324
104	248
104	98
104	193
104	101
104	80
104	219
104	278
104	85
104	177
104	182
104	3
104	71
104	226
104	300
104	77
104	106
104	107
104	192
104	265
104	268
104	1400
104	852
104	1401
104	393
104	65
104	744
104	48
104	89
104	64
104	267
104	394
104	1262
104	1402
104	1403
104	487
104	271
104	485
104	559
104	343
104	242
104	1352
104	14
104	1404
104	314
104	249
104	273
104	234
104	280
104	1120
104	275
104	258
104	241
104	381
104	320
104	196
104	276
104	46
104	406
104	982
104	371
104	413
104	38
104	167
104	539
104	83
104	621
104	697
104	296
104	223
104	1405
104	42
104	752
104	1406
105	75
105	77
105	3
105	1195
105	1407
105	71
105	233
105	91
105	1408
105	338
105	228
105	216
105	242
105	107
105	195
105	193
105	326
105	1297
105	248
105	477
105	85
105	393
105	89
105	1409
105	389
105	312
105	415
105	1410
105	286
105	489
105	392
105	284
105	275
105	127
105	238
105	1411
105	328
105	30
105	287
105	10
105	247
105	36
105	11
105	476
105	1092
105	917
105	117
105	375
105	1412
105	356
105	65
105	293
105	95
105	1413
105	702
105	378
105	14
105	1414
105	539
105	368
105	37
105	725
105	564
105	1415
105	565
105	405
105	661
105	416
105	666
105	763
105	120
105	417
105	1416
105	246
105	351
105	22
105	158
105	427
105	24
105	1417
105	625
105	639
105	21
105	470
105	767
105	395
105	430
105	1369
105	1418
105	44
105	670
105	557
105	640
105	586
105	1419
105	382
105	510
105	492
105	46
105	956
105	128
105	718
105	1301
105	567
105	61
105	612
105	465
105	698
105	1239
105	259
105	1420
105	1421
105	67
105	260
105	619
105	173
105	1147
105	558
105	1251
105	538
105	514
105	218
105	446
105	1422
105	1423
105	138
105	980
105	1156
105	881
105	176
105	60
105	468
105	1424
105	1042
105	1006
105	408
105	1046
105	502
105	236
105	791
105	1425
105	1426
105	154
105	1427
105	174
105	764
105	1244
105	1177
105	1167
105	987
105	806
105	1428
105	135
105	479
105	1429
105	1361
105	989
105	103
105	946
105	993
105	97
105	1430
105	1431
105	1432
105	1181
105	1270
105	1433
105	1310
105	907
105	521
105	890
105	182
105	1434
105	156
105	996
105	551
105	1397
105	1435
105	1436
105	1437
105	680
105	26
105	1438
105	1439
105	1440
105	1441
105	274
105	1442
105	646
105	802
105	641
105	1443
105	1444
105	1445
105	651
105	1387
105	652
105	853
105	165
105	952
105	1446
105	1383
105	1447
105	1362
105	1448
105	1449
105	437
105	1450
105	1451
105	1452
105	1453
105	1454
105	1455
105	1456
105	1457
105	1240
105	1458
105	296
105	272
105	1459
105	167
105	1460
105	741
105	1461
105	1260
105	1462
105	1463
105	1464
105	1465
105	1466
105	1467
105	1292
105	1468
105	1469
105	1470
105	1471
105	1472
105	1473
105	739
105	1474
105	1475
105	1476
105	1477
105	1335
105	1478
105	1311
105	1479
105	574
105	1480
105	1481
105	1482
105	1483
105	1484
105	1485
105	1486
105	1487
105	1488
105	1489
105	1287
105	1490
105	1491
105	1492
105	668
105	1493
105	1494
105	1289
105	1495
105	1496
105	1497
105	1498
105	1499
105	1500
105	1501
105	1502
105	1503
105	1504
105	1505
105	1336
105	1506
105	1507
105	1508
105	1331
105	1509
105	1346
105	850
105	1510
105	1280
105	1511
105	1512
105	1513
105	1514
105	1326
105	1324
105	1515
105	1516
105	1517
105	1518
105	1519
105	1520
105	1521
106	108
106	218
106	42
106	104
106	10
106	110
107	1196
107	1
107	75
107	5
107	80
107	70
107	81
107	306
107	3
107	77
107	215
107	104
107	304
107	738
107	111
107	225
107	127
107	103
107	199
107	206
107	91
107	204
107	251
107	196
107	337
107	113
107	83
107	166
107	73
107	183
107	68
107	216
107	228
107	339
107	331
107	298
107	256
107	243
107	219
107	242
107	276
107	253
107	341
107	188
107	209
107	340
107	617
107	227
107	85
107	625
107	241
107	48
107	185
107	222
107	249
107	226
107	320
107	237
107	788
107	1087
107	289
107	1522
107	74
107	238
107	110
108	1
108	80
108	77
108	103
108	217
108	81
108	214
108	909
108	209
108	70
108	207
108	192
108	83
108	71
108	3
108	183
108	225
108	228
108	211
108	107
108	488
108	727
108	221
108	976
108	1214
108	253
108	222
108	68
108	264
108	99
108	216
108	341
108	1523
108	10
108	230
108	1413
108	398
108	372
108	426
108	709
108	759
108	317
108	405
108	761
108	413
108	132
108	408
108	863
108	623
108	418
108	420
108	27
108	798
108	31
108	52
108	428
108	29
108	625
108	21
108	758
108	602
108	1100
108	50
108	783
108	498
108	851
108	557
108	1273
108	62
108	1236
108	736
108	40
108	782
108	441
108	28
108	41
108	858
108	848
108	300
108	567
108	1524
108	1525
108	45
108	723
108	1073
108	454
108	411
108	591
108	494
108	944
108	951
108	1103
108	950
108	1526
108	963
108	718
108	1527
108	1112
108	586
108	1528
108	1529
108	958
108	1182
108	1130
108	1024
108	128
108	584
108	960
108	852
108	504
108	900
108	1530
108	1134
108	66
108	962
108	1531
108	383
108	259
108	1532
108	1420
108	524
108	261
108	1533
108	67
108	590
109	21
109	3
110	78
110	81
110	106
110	1303
110	100
110	91
110	211
110	90
110	3
110	617
110	1534
110	356
110	113
110	391
110	380
110	1535
110	1407
110	209
110	127
110	244
110	245
110	83
110	1536
110	216
110	741
110	326
110	118
110	253
110	272
110	1537
110	342
110	340
110	282
110	107
110	276
110	343
110	226
110	266
110	89
110	219
110	313
110	9
110	857
110	249
110	115
110	339
110	389
110	227
110	414
110	578
110	305
110	241
110	247
110	10
110	354
110	277
110	1235
110	392
110	199
110	346
110	239
110	278
110	279
110	293
110	306
110	726
110	1538
110	914
110	304
110	30
110	922
110	287
110	288
110	702
110	116
110	74
110	12
110	708
110	238
110	359
110	13
110	230
110	765
110	297
110	237
110	111
110	252
110	202
110	222
110	120
110	366
110	550
110	243
110	548
110	539
110	28
110	756
110	454
110	186
110	757
110	232
110	376
110	760
110	865
111	1
111	1196
111	98
111	73
111	101
111	80
111	76
111	77
111	5
111	1539
111	192
111	198
111	237
111	471
111	208
111	1540
111	231
111	814
111	1541
111	702
111	909
111	253
111	282
111	758
111	256
111	209
111	4
111	380
111	7
111	14
111	391
111	99
111	204
111	1408
111	185
111	227
111	1542
111	1152
111	1543
111	225
111	1235
111	240
111	320
111	1544
111	661
111	263
111	226
111	1545
111	1222
111	346
111	183
111	87
111	1546
111	233
111	264
111	216
111	15
111	202
111	298
111	107
111	113
111	559
111	306
111	190
111	1547
111	476
111	241
111	326
111	510
111	115
111	318
111	1410
111	920
111	1548
111	286
111	1538
111	1212
111	788
111	416
111	1549
111	842
111	525
111	917
111	325
111	1550
111	922
111	258
111	287
111	546
111	193
111	117
111	1268
111	1211
111	64
111	222
111	186
111	293
111	17
111	1217
111	549
111	1551
111	1552
111	254
111	316
111	195
111	290
111	366
111	921
111	353
111	1261
111	93
111	74
111	116
111	232
111	1553
111	1554
111	362
111	582
111	81
111	704
111	30
111	95
111	371
111	361
111	749
111	633
111	294
111	333
111	364
111	1555
111	309
111	562
111	683
111	846
111	1556
111	1250
111	182
111	1557
111	442
111	612
111	1558
111	1251
111	1010
111	1559
111	151
111	1274
111	203
111	515
111	1560
111	453
111	600
111	138
111	447
111	139
111	849
111	1561
111	980
111	1028
111	153
111	1562
111	149
111	1563
111	1564
111	511
111	514
111	1565
111	1566
111	147
111	155
111	430
111	1567
111	157
111	59
111	1568
111	419
111	172
111	3
111	524
111	127
111	175
111	1569
111	158
111	327
111	595
111	456
111	1570
111	170
111	174
111	159
111	390
111	670
111	529
111	375
111	884
111	986
111	1382
111	1035
111	1571
111	881
111	141
111	1036
111	150
111	460
111	140
111	1572
111	60
111	1573
111	678
111	176
111	1574
111	571
111	1575
111	1373
111	1354
111	169
111	1576
111	1577
111	1578
111	42
111	679
111	1197
111	156
111	999
111	1016
111	1579
111	1179
112	255
112	5
112	789
113	198
113	1544
113	415
113	765
113	95
113	230
113	231
113	234
113	739
113	377
113	118
113	384
113	77
113	211
113	247
113	349
113	3
113	476
113	91
113	233
113	391
113	110
113	297
113	392
113	1580
113	206
113	184
113	199
113	228
113	304
113	959
113	246
113	1408
113	817
113	7
113	395
113	188
113	203
113	225
113	250
113	186
113	185
113	84
113	471
113	107
113	83
113	222
113	202
113	73
113	276
113	209
113	221
113	976
113	320
113	343
113	1214
113	196
113	68
113	239
113	253
113	581
113	248
113	190
113	509
113	235
113	256
113	488
113	99
113	162
113	216
113	227
113	251
113	1222
113	240
113	183
114	852
114	755
114	552
114	540
114	766
114	947
114	63
115	539
115	761
115	110
115	277
115	1581
115	1131
115	1582
115	1583
115	1584
115	1385
115	1585
115	1586
116	415
116	1587
116	72
116	225
116	1214
116	341
116	84
116	240
116	1588
116	485
116	1254
116	509
116	1204
116	1534
116	1222
116	238
116	342
116	127
116	251
116	228
116	68
116	184
116	99
116	188
116	14
116	298
116	326
116	250
116	253
116	15
116	433
116	199
116	475
116	221
116	202
116	343
116	278
116	239
116	10
116	276
116	36
116	46
116	31
116	378
116	1114
116	96
116	245
116	105
116	281
116	1589
116	379
116	349
116	565
116	305
116	362
116	857
116	918
116	416
116	331
116	1087
116	307
116	297
116	166
116	404
116	186
116	8
116	1268
116	3
116	232
116	17
116	95
116	1211
116	316
116	534
116	788
116	81
116	195
116	1217
116	383
116	74
116	426
116	327
116	1553
116	222
116	1078
116	358
116	230
116	1228
116	111
116	382
116	398
116	1590
116	328
116	304
116	110
116	302
116	361
116	333
117	1262
117	1265
117	305
117	246
117	631
117	111
117	1591
117	1592
117	999
118	70
118	103
118	306
118	215
118	91
118	77
118	1408
118	111
118	1214
118	273
118	391
118	84
118	99
118	865
118	225
118	1121
118	113
118	1153
118	1222
118	1544
118	116
118	188
118	55
118	298
118	221
118	216
118	253
118	209
118	341
118	185
118	326
118	340
118	1593
118	242
118	107
118	363
118	267
118	282
118	268
118	230
118	744
118	251
118	740
118	226
118	476
118	15
118	14
118	314
118	507
118	1587
118	320
118	344
118	815
118	241
118	199
118	233
118	254
118	394
118	489
118	1259
118	1594
118	349
118	738
118	840
118	234
118	276
118	96
118	328
118	239
118	280
118	323
118	284
118	746
118	110
118	1152
118	1595
118	278
118	316
118	739
118	331
118	737
118	308
118	294
118	293
118	222
118	252
118	397
118	398
118	539
118	670
118	342
118	343
118	302
118	400
118	247
118	454
118	402
118	696
118	757
118	703
118	774
118	354
118	405
118	619
118	565
118	186
118	930
118	401
118	756
118	232
118	1596
118	321
118	843
118	372
118	697
118	1597
118	408
118	759
118	713
118	427
118	20
118	35
118	374
118	356
118	761
118	202
118	1598
118	406
118	415
118	826
118	764
118	248
118	778
118	733
118	661
118	246
118	296
118	237
118	382
118	167
118	351
118	552
118	368
118	120
118	667
118	425
118	845
118	846
118	426
118	442
118	715
118	36
118	623
118	27
118	1599
118	1600
118	32
118	864
118	767
118	461
118	669
118	1465
118	758
118	417
118	34
118	18
118	630
118	37
118	1048
118	195
118	708
118	83
118	432
118	1601
118	861
118	854
118	1101
118	445
118	853
118	726
118	608
118	44
118	863
118	166
118	466
118	498
118	62
118	600
118	271
118	725
118	557
118	40
118	862
118	947
118	848
118	300
118	255
118	501
118	625
118	41
118	509
118	30
118	419
118	50
118	411
118	236
118	258
118	3
118	123
118	976
118	219
118	835
118	676
118	578
118	100
118	389
118	1602
118	456
118	193
118	800
118	274
118	1603
118	838
118	108
118	1604
118	720
118	150
118	596
118	1244
118	959
118	304
118	723
118	457
118	1054
118	637
118	436
118	1459
118	231
118	702
118	1567
118	1235
118	582
118	765
118	591
118	125
118	586
118	1531
118	602
118	1605
118	395
118	963
118	1373
118	330
118	173
118	960
118	763
118	1238
118	962
118	1147
118	727
118	852
118	799
118	1533
118	369
118	64
118	574
118	383
119	586
119	851
119	782
119	1606
119	947
120	836
120	1546
120	8
120	397
120	323
120	325
120	110
120	375
120	74
120	232
120	289
120	186
120	30
120	891
120	426
120	582
120	81
120	280
120	328
120	411
120	712
120	247
120	11
120	34
120	373
120	697
120	295
120	125
120	759
120	21
120	623
120	592
120	727
120	246
120	118
120	425
120	701
120	495
120	769
120	46
120	496
120	236
120	3
120	578
120	502
120	524
120	410
120	172
120	1251
120	986
120	454
120	142
120	1045
120	60
120	1607
120	273
120	390
120	342
120	452
120	465
120	692
120	857
120	336
121	283
121	548
121	562
121	628
121	1233
121	44
121	1095
121	134
121	3
121	502
121	953
121	46
121	122
121	591
121	125
121	501
121	1132
121	126
121	1608
121	948
121	866
121	1609
121	430
121	609
121	68
121	1067
121	1610
121	669
121	132
121	965
121	943
121	48
121	383
121	136
121	69
121	677
121	1185
122	953
122	3
122	121
122	995
123	412
123	21
123	34
123	1081
123	419
123	734
123	1611
123	830
123	847
123	426
123	458
123	619
123	781
123	557
123	432
123	41
123	710
123	722
123	782
123	784
123	1612
123	411
123	906
123	861
123	40
123	300
123	498
123	1302
123	1111
123	854
123	420
123	1613
123	3
123	497
123	800
123	126
124	58
124	1614
124	3
124	1615
125	264
125	320
125	268
125	312
125	252
125	275
125	276
125	397
125	329
125	186
125	254
125	284
125	278
125	305
125	74
125	307
125	230
125	247
125	378
125	366
125	342
125	562
125	753
125	756
125	132
125	368
125	64
125	926
125	232
125	697
125	372
125	775
125	415
125	564
125	384
125	759
125	412
125	19
125	246
125	1616
125	558
125	406
125	417
125	425
125	24
125	766
125	581
125	27
125	1329
125	65
125	732
125	427
125	764
125	28
125	14
125	37
125	433
125	424
125	507
125	708
125	31
125	36
125	34
125	625
125	18
125	426
125	702
125	41
125	1550
125	1092
125	725
125	432
125	304
125	389
125	40
125	854
125	44
125	510
125	726
125	724
125	496
125	717
125	300
125	722
125	45
125	596
125	498
125	392
125	255
125	1111
125	1603
125	590
125	586
125	128
125	718
125	236
125	121
125	445
125	411
125	1617
125	120
125	953
125	3
125	799
125	46
125	865
125	960
125	1618
125	100
125	54
125	612
125	591
125	61
125	578
125	118
125	567
125	584
125	1103
125	838
125	1236
125	22
125	193
125	857
125	1021
125	600
125	1619
125	454
125	975
125	962
125	62
125	395
125	1242
125	182
125	1075
125	1133
125	355
125	1620
125	67
125	765
125	859
125	1530
125	1147
125	1112
125	1243
125	637
125	1182
125	504
125	601
125	1621
125	436
126	278
126	246
126	428
126	720
126	630
126	430
126	1622
126	854
126	420
126	491
126	41
126	861
126	905
126	498
126	782
126	941
126	496
126	625
126	510
126	557
126	1008
126	300
126	713
126	173
126	123
126	1623
127	107
127	31
127	391
127	235
127	83
127	1567
127	14
127	249
127	199
127	30
127	251
127	228
127	242
127	472
127	15
127	209
127	233
127	64
127	276
127	545
127	115
127	10
127	543
127	254
127	282
127	110
127	288
127	95
127	1202
127	246
127	248
127	281
127	34
127	1624
127	122
127	637
127	1401
127	1132
127	852
127	1103
127	845
127	67
127	610
127	995
127	1625
127	601
127	1112
127	383
127	1488
127	66
127	1190
127	231
127	65
127	121
127	1184
127	1626
127	812
127	1627
127	1628
127	670
127	1185
127	451
127	274
127	1031
127	1232
127	1629
127	1295
127	590
127	1630
127	1631
127	573
127	260
127	1559
127	847
127	512
127	1632
127	553
127	1633
127	1634
127	437
127	452
127	436
127	1010
127	1447
127	1374
127	871
127	454
127	141
127	1249
127	1635
127	273
127	136
127	1560
127	509
127	1636
127	385
127	595
127	896
127	182
127	720
127	151
127	510
127	792
127	523
127	1114
127	1637
127	142
127	455
127	1638
127	983
127	980
127	875
127	722
127	535
127	1639
127	515
127	435
127	984
127	470
127	457
127	1640
127	159
127	1569
127	524
127	158
127	3
127	600
127	1641
127	169
127	727
127	1571
127	528
127	1642
127	463
127	1423
127	514
127	890
127	175
127	458
127	172
127	173
127	456
127	1643
127	522
127	369
127	140
127	459
127	42
127	415
127	48
127	866
127	1644
127	846
127	1034
127	1273
127	461
127	521
127	1645
127	1646
127	465
127	986
127	952
127	711
127	1003
127	68
127	966
127	1647
127	1648
127	1182
127	1649
127	993
127	775
127	1309
127	989
127	786
127	1310
127	1650
127	1651
127	392
127	1120
127	998
127	1652
127	518
127	1181
127	1372
127	271
127	850
127	135
127	1653
127	1312
127	646
127	785
127	1654
127	1013
127	1655
127	1442
127	672
127	1613
127	644
127	1656
127	1657
127	988
127	1506
127	165
127	1313
127	1658
127	1396
127	1363
127	525
127	654
127	507
127	1659
127	152
127	1390
127	1169
127	1660
127	1661
127	1662
127	1663
127	1664
127	1665
127	1666
127	373
127	1667
127	1668
127	1669
127	1670
127	935
127	1469
127	656
127	1671
127	1672
127	1673
127	1674
127	1021
127	1373
127	1291
127	1675
127	1676
127	1677
127	1485
127	1296
127	1286
127	1678
127	1679
127	1680
127	1292
127	1681
127	1682
127	1683
127	1684
127	1685
127	1515
127	1686
127	1687
127	1179
127	1688
127	1689
127	1690
127	1691
127	1692
127	1693
127	1694
127	1303
127	1695
127	1696
127	1697
127	1698
127	1280
127	1699
127	1402
127	1700
127	1701
127	1702
127	1703
127	1413
127	1496
127	1326
127	1704
127	1599
127	1705
127	1706
127	1707
127	1340
127	1708
127	1341
127	1331
127	1709
127	1288
127	1710
127	1711
127	101
127	1712
127	1713
127	1444
127	1714
127	1715
127	1716
127	1717
127	1718
127	1719
127	1720
127	1335
127	1721
127	1168
127	1722
127	1723
127	1724
127	1725
127	1726
127	1727
127	1728
127	513
127	1729
127	1730
127	1731
127	1732
127	1325
127	1733
127	1734
127	1735
127	1736
127	1737
127	1339
127	1738
127	1345
127	1336
127	1739
127	1740
127	1200
127	374
127	1741
127	1742
127	1344
127	1743
127	1744
127	1745
127	1746
127	1329
127	1747
127	1491
127	1748
127	1749
127	1494
127	1346
127	1750
127	1751
127	1316
127	1752
127	1753
127	1378
127	1754
127	1276
127	1755
127	1756
127	1757
127	1758
127	1759
127	1760
127	1761
127	1762
127	1763
127	1764
127	1765
127	1766
127	1767
128	239
128	305
128	230
128	378
128	342
128	247
128	290
128	246
128	1768
128	296
128	454
128	120
128	20
128	248
128	372
128	539
128	48
128	95
128	564
128	566
128	759
128	304
128	540
128	412
128	232
128	193
128	30
128	426
128	702
128	626
128	574
128	406
128	1769
128	376
128	433
128	1770
128	552
128	838
128	424
128	34
128	835
128	865
128	850
128	125
128	718
128	1525
128	567
128	590
128	625
128	3
128	586
128	723
128	578
128	946
128	46
128	612
128	746
128	1109
128	852
128	1304
128	504
128	599
128	130
128	369
129	1231
129	1605
129	1070
129	1771
129	1772
129	58
129	67
129	599
129	1292
129	1773
130	1774
130	736
130	61
130	492
130	46
130	1775
130	66
130	259
130	128
131	1136
131	504
132	115
132	333
132	754
132	1776
132	757
132	317
132	1777
132	371
132	60
132	426
132	280
132	566
132	454
132	749
132	776
132	820
132	576
132	1778
132	372
132	753
132	128
132	539
132	223
132	1779
132	1405
132	564
132	95
132	639
132	709
132	540
132	620
132	697
132	384
132	412
132	837
132	797
132	637
132	19
132	368
132	445
132	833
132	627
132	777
132	572
132	628
132	662
132	625
132	1780
132	681
132	27
132	1781
132	31
132	17
132	634
132	929
132	430
132	1770
132	1782
132	16
132	24
132	831
132	851
132	1112
132	710
132	410
132	848
132	858
132	853
132	1061
132	1132
132	510
132	342
132	592
132	1783
132	321
132	718
132	395
132	61
132	591
132	1531
132	1075
132	962
